0,255,255,255
1,255,255,255
2,255,255,255
3,255,255,255
4,255,255,255
5,255,255,255
6,255,255,255
7,255,255,255
8,255,255,255
9,255,255,255
10,255,255,255
11,255,255,255
12,255,255,255
13,255,255,255
14,255,255,255
15,255,255,255
16,255,255,255
17,255,255,255
18,255,255,255
19,255,255,255
20,255,255,255
21,255,255,255
22,255,255,255
23,255,255,255
24,255,255,255
25,255,255,255
26,255,255,255
27,255,255,255
28,255,255,255
29,255,255,255
30,255,255,255
31,255,255,255
32,255,255,255
33,255,255,255
34,255,255,255
35,255,255,255
36,255,255,255
37,255,255,255
38,255,255,255
39,255,255,255
40,255,255,255
41,255,255,255
42,255,255,255
43,255,255,255
44,255,255,255
45,255,255,255
46,255,255,255
47,255,255,255
48,255,255,255
49,255,255,255
50,255,255,255
51,255,255,255
52,255,255,255
53,255,255,255
54,255,255,255
55,255,255,255
56,255,255,255
57,255,255,255
58,255,255,255
59,255,255,255
60,255,255,255
61,255,255,255
62,255,255,255
63,255,255,255
64,255,255,255
65,255,255,255
66,255,255,255
67,255,255,255
68,255,255,255
69,255,255,255
70,255,255,255
71,255,255,255
72,255,255,255
73,255,255,255
74,255,255,255
75,255,255,255
76,255,255,255
77,255,255,255
78,255,255,255
79,255,255,255
80,255,255,255
81,255,255,255
82,255,255,255
83,255,255,255
84,255,255,255
85,255,255,255
86,255,255,255
87,255,255,255
88,255,255,255
89,255,255,255
90,255,255,255
91,255,255,255
92,255,255,255
93,255,255,255
94,255,255,255
95,255,255,255
96,255,255,255
97,255,255,255
98,255,255,255
99,255,255,255
100,255,255,255
101,255,255,255
102,255,255,255
103,255,255,255
104,255,255,255
105,255,255,255
106,255,255,255
107,255,255,255
108,255,255,255
109,255,255,255
110,255,255,255
111,255,255,255
112,255,255,255
113,255,255,255
114,255,255,255
115,255,255,255
116,255,255,255
117,255,255,255
118,255,255,255
119,255,255,255
120,255,255,255
121,255,255,255
122,255,255,255
123,255,255,255
124,255,255,255
125,255,255,255
126,255,255,255
127,255,255,255
128,255,255,255
129,255,255,255
130,255,255,255
131,255,255,255
132,255,255,255
133,255,255,255
134,255,255,255
135,255,255,255
136,255,255,255
137,255,255,255
138,255,255,255
139,255,255,255
140,255,255,255
141,255,255,255
142,255,255,255
143,255,255,255
144,255,255,255
145,255,255,255
146,255,255,255
147,255,255,255
148,255,255,255
149,255,255,255
150,255,255,255
151,255,255,255
152,255,255,255
153,255,255,255
154,255,255,255
155,255,255,255
156,255,255,255
157,255,255,255
158,255,255,255
159,255,255,255
160,255,255,255
161,255,255,255
162,255,255,255
163,255,255,255
164,255,255,255
165,255,255,255
166,255,255,255
167,255,255,255
168,255,255,255
169,255,255,255
170,255,255,255
171,255,255,255
172,255,255,255
173,255,255,255
174,255,255,255
175,255,255,255
176,255,255,255
177,255,255,255
178,255,255,255
179,255,255,255
180,255,255,255
181,255,255,255
182,255,255,255
183,255,255,255
184,255,255,255
185,255,255,255
186,255,255,255
187,255,255,255
188,255,255,255
189,255,255,255
190,255,255,255
191,255,255,255
192,255,255,255
193,255,255,255
194,255,255,255
195,255,255,255
196,255,255,255
197,255,255,255
198,255,255,255
199,255,255,255
200,255,255,255
201,255,255,255
202,255,255,255
203,255,255,255
204,255,255,255
205,255,255,255
206,255,255,255
207,255,255,255
208,255,255,255
209,255,255,255
210,255,255,255
211,255,255,255
212,255,255,255
213,255,255,255
214,255,255,255
215,255,255,255
216,255,255,255
217,255,255,255
218,255,255,255
219,255,255,255
220,255,255,255
221,255,255,255
222,255,255,255
223,255,255,255
224,255,255,255
225,255,255,255
226,255,255,255
227,255,255,255
228,255,255,255
229,255,255,255
230,255,255,255
231,255,255,255
232,255,255,255
233,255,255,255
234,255,255,255
235,255,255,255
236,255,255,255
237,255,255,255
238,255,255,255
239,255,255,255
240,255,255,255
241,255,255,255
242,255,255,255
243,255,255,255
244,255,255,255
245,255,255,255
246,255,255,255
247,255,255,255
248,255,255,255
249,255,255,255
250,255,255,255
251,255,255,255
252,255,255,255
253,255,255,255
254,255,255,255
255,255,255,255
256,255,255,255
257,255,255,255
258,255,255,255
259,255,255,255
260,255,255,255
261,255,255,255
262,255,255,255
263,255,255,255
264,255,255,255
265,255,255,255
266,255,255,255
267,255,255,255
268,255,255,255
269,255,255,255
270,255,255,255
271,255,255,255
272,255,255,255
273,255,255,255
274,255,255,255
275,255,255,255
276,255,255,255
277,255,255,255
278,255,255,255
279,255,255,255
280,255,255,255
281,255,255,255
282,255,255,255
283,255,255,255
284,255,255,255
285,255,255,255
286,255,255,255
287,255,255,255
288,255,255,255
289,255,255,255
290,255,255,255
291,255,255,255
292,255,255,255
293,255,255,255
294,255,255,255
295,255,255,255
296,255,255,255
297,255,255,255
298,255,255,255
299,255,255,255
300,255,255,255
301,255,255,255
302,255,255,255
303,255,255,255
304,255,255,255
305,255,255,255
306,255,255,255
307,255,255,255
308,255,255,255
309,255,255,255
310,255,255,255
311,255,255,255
312,255,255,255
313,255,255,255
314,255,255,255
315,255,255,255
316,255,255,255
317,255,255,255
318,255,255,255
319,255,255,255
320,255,255,255
321,255,255,255
322,255,255,255
323,255,255,255
324,255,255,255
325,255,255,255
326,255,255,255
327,255,255,255
328,255,255,255
329,255,255,255
330,255,255,255
331,255,255,255
332,255,255,255
333,255,255,255
334,255,255,255
335,255,255,255
336,255,255,255
337,255,255,255
338,255,255,255
339,255,255,255
340,255,255,255
341,255,255,255
342,255,255,255
343,255,255,255
344,255,255,255
345,255,255,255
346,255,255,255
347,255,255,255
348,255,255,255
349,255,255,255
350,255,255,255
351,255,255,255
352,255,255,255
353,255,255,255
354,255,255,255
355,255,255,255
356,255,255,255
357,255,255,255
358,255,255,255
359,255,255,255
360,255,255,255
361,255,255,255
362,255,255,255
363,255,255,255
364,255,255,255
365,255,255,255
366,255,255,255
367,255,255,255
368,255,255,255
369,255,255,255
370,255,255,255
371,255,255,255
372,255,255,255
373,255,255,255
374,255,255,255
375,255,255,255
376,255,255,255
377,255,255,255
378,255,255,255
379,255,255,255
380,255,255,255
381,255,255,255
382,255,255,255
383,255,255,255
384,255,255,255
385,255,255,255
386,255,255,255
387,255,255,255
388,255,255,255
389,255,255,255
390,255,255,255
391,255,255,255
392,255,255,255
393,255,255,255
394,255,255,255
395,255,255,255
396,255,255,255
397,255,255,255
398,255,255,255
399,255,255,255
400,255,255,255
401,255,255,255
402,255,255,255
403,255,255,255
404,255,255,255
405,255,255,255
406,255,255,255
407,255,255,255
408,255,255,255
409,255,255,255
410,255,255,255
411,255,255,255
412,255,255,255
413,255,255,255
414,255,255,255
415,255,255,255
416,255,255,255
417,255,255,255
418,255,255,255
419,255,255,255
420,255,255,255
421,255,255,255
422,255,255,255
423,255,255,255
424,255,255,255
425,255,255,255
426,255,255,255
427,255,255,255
428,255,255,255
429,255,255,255
430,255,255,255
431,255,255,255
432,255,255,255
433,255,255,255
434,255,255,255
435,255,255,255
436,255,255,255
437,255,255,255
438,255,255,255
439,255,255,255
440,255,255,255
441,255,255,255
442,255,255,255
443,255,255,255
444,255,255,255
445,255,255,255
446,255,255,255
447,255,255,255
448,255,255,255
449,255,255,255
450,255,255,255
451,255,255,255
452,255,255,255
453,255,255,255
454,255,255,255
455,255,255,255
456,255,255,255
457,255,255,255
458,255,255,255
459,255,255,255
460,255,255,255
461,255,255,255
462,255,255,255
463,255,255,255
464,255,255,255
465,255,255,255
466,255,255,255
467,255,255,255
468,255,255,255
469,255,255,255
470,255,255,255
471,255,255,255
472,255,255,255
473,255,255,255
474,255,255,255
475,255,255,255
476,255,255,255
477,255,255,255
478,255,255,255
479,255,255,255
480,255,255,255
481,255,255,255
482,255,255,255
483,255,255,255
484,255,255,255
485,255,255,255
486,255,255,255
487,255,255,255
488,255,255,255
489,255,255,255
490,255,255,255
491,255,255,255
492,255,255,255
493,255,255,255
494,255,255,255
495,255,255,255
496,255,255,255
497,255,255,255
498,255,255,255
499,255,255,255
500,255,255,255
501,255,255,255
502,255,255,255
503,255,255,255
504,255,255,255
505,255,255,255
506,255,255,255
507,255,255,255
508,255,255,255
509,255,255,255
510,255,255,255
511,255,255,255
512,255,255,255
513,255,255,255
514,255,255,255
515,255,255,255
516,255,255,255
517,255,255,255
518,255,255,255
519,255,255,255
520,255,255,255
521,255,255,255
522,255,255,255
523,255,255,255
524,255,255,255
525,255,255,255
526,255,255,255
527,255,255,255
528,255,255,255
529,255,255,255
530,255,255,255
531,255,255,255
532,255,255,255
533,255,255,255
534,255,255,255
535,255,255,255
536,255,255,255
537,255,255,255
538,255,255,255
539,255,255,255
540,255,255,255
541,255,255,255
542,255,255,255
543,255,255,255
544,255,255,255
545,255,255,255
546,255,255,255
547,255,255,255
548,255,255,255
549,255,255,255
550,255,255,255
551,255,255,255
552,255,255,255
553,255,255,255
554,255,255,255
555,255,255,255
556,255,255,255
557,255,255,255
558,255,255,255
559,255,255,255
560,255,255,255
561,255,255,255
562,255,255,255
563,255,255,255
564,255,255,255
565,255,255,255
566,255,255,255
567,255,255,255
568,255,255,255
569,255,255,255
570,255,255,255
571,255,255,255
572,255,255,255
573,255,255,255
574,255,255,255
575,255,255,255
576,255,255,255
577,255,255,255
578,255,255,255
579,255,255,255
580,255,255,255
581,255,255,255
582,255,255,255
583,255,255,255
584,255,255,255
585,255,255,255
586,255,255,255
587,255,255,255
588,255,255,255
589,255,255,255
590,255,255,255
591,255,255,255
592,255,255,255
593,255,255,255
594,255,255,255
595,255,255,255
596,255,255,255
597,255,255,255
598,255,255,255
599,255,255,255
600,255,255,255
601,255,255,255
602,255,255,255
603,255,255,255
604,255,255,255
605,255,255,255
606,255,255,255
607,255,255,255
608,255,255,255
609,255,255,255
610,255,255,255
611,255,255,255
612,255,255,255
613,255,255,255
614,255,255,255
615,255,255,255
616,255,255,255
617,255,255,255
618,255,255,255
619,255,255,255
620,255,255,255
621,255,255,255
622,255,255,255
623,255,255,255
624,255,255,255
625,255,255,255
626,255,255,255
627,255,255,255
628,255,255,255
629,255,255,255
630,255,255,255
631,255,255,255
632,255,255,255
633,255,255,255
634,255,255,255
635,255,255,255
636,255,255,255
637,255,255,255
638,255,255,255
639,255,255,255
640,255,255,255
641,255,255,255
642,255,255,255
643,255,255,255
644,255,255,255
645,255,255,255
646,255,255,255
647,255,255,255
648,255,255,255
649,255,255,255
650,255,255,255
651,255,255,255
652,255,255,255
653,255,255,255
654,255,255,255
655,255,255,255
656,255,255,255
657,255,255,255
658,255,255,255
659,255,255,255
660,255,255,255
661,255,255,255
662,255,255,255
663,255,255,255
664,255,255,255
665,255,255,255
666,255,255,255
667,255,255,255
668,255,255,255
669,255,255,255
670,255,255,255
671,255,255,255
672,255,255,255
673,255,255,255
674,255,255,255
675,255,255,255
676,255,255,255
677,255,255,255
678,255,255,255
679,255,255,255
680,255,255,255
681,255,255,255
682,255,255,255
683,255,255,255
684,255,255,255
685,255,255,255
686,255,255,255
687,255,255,255
688,255,255,255
689,255,255,255
690,3,0,251
691,255,255,255
692,255,255,255
693,3,0,251
694,255,255,255
695,255,255,255
696,255,255,255
697,255,255,255
698,255,255,255
699,255,255,255
700,5,0,249
701,255,255,255
702,255,255,255
703,255,255,255
704,255,255,255
705,255,255,255
706,255,255,255
707,255,255,255
708,255,255,255
709,255,255,255
710,255,255,255
711,255,255,255
712,255,255,255
713,255,255,255
714,255,255,255
715,255,255,255
716,255,255,255
717,255,255,255
718,255,255,255
719,255,255,255
720,255,255,255
721,255,255,255
722,255,255,255
723,255,255,255
724,255,255,255
725,255,255,255
726,255,255,255
727,255,255,255
728,255,255,255
729,9,0,245
730,3,0,251
731,255,255,255
732,255,255,255
733,255,255,255
734,5,0,249
735,5,0,249
736,255,255,255
737,255,255,255
738,255,255,255
739,255,255,255
740,255,255,255
741,255,255,255
742,255,255,255
743,255,255,255
744,255,255,255
745,255,255,255
746,255,255,255
747,255,255,255
748,255,255,255
749,255,255,255
750,255,255,255
751,255,255,255
752,255,255,255
753,28,0,226
754,3,0,251
755,9,0,245
756,255,255,255
757,255,255,255
758,5,0,249
759,255,255,255
760,5,0,249
761,5,0,249
762,255,255,255
763,11,0,243
764,255,255,255
765,255,255,255
766,255,255,255
767,255,255,255
768,255,255,255
769,255,255,255
770,255,255,255
771,255,255,255
772,255,255,255
773,255,255,255
774,255,255,255
775,255,255,255
776,8,0,246
777,255,255,255
778,255,255,255
779,5,0,249
780,255,255,255
781,255,255,255
782,255,255,255
783,255,255,255
784,255,255,255
785,255,255,255
786,255,255,255
787,255,255,255
788,255,255,255
789,255,255,255
790,255,255,255
791,255,255,255
792,255,255,255
793,255,255,255
794,255,255,255
795,255,255,255
796,255,255,255
797,255,255,255
798,255,255,255
799,255,255,255
800,255,255,255
801,255,255,255
802,11,0,243
803,255,255,255
804,19,0,235
805,255,255,255
806,255,255,255
807,3,0,251
808,19,0,235
809,255,255,255
810,11,0,243
811,255,255,255
812,8,0,246
813,255,255,255
814,11,0,243
815,9,0,245
816,255,255,255
817,5,0,249
818,8,0,246
819,3,0,251
820,28,0,226
821,19,0,235
822,61,0,193
823,28,0,226
824,9,0,245
825,31,0,223
826,255,255,255
827,255,255,255
828,255,255,255
829,255,255,255
830,255,255,255
831,255,255,255
832,255,255,255
833,255,255,255
834,255,255,255
835,255,255,255
836,255,255,255
837,255,255,255
838,255,255,255
839,255,255,255
840,255,255,255
841,255,255,255
842,255,255,255
843,255,255,255
844,255,255,255
845,255,255,255
846,255,255,255
847,255,255,255
848,255,255,255
849,11,0,243
850,255,255,255
851,255,255,255
852,255,255,255
853,255,255,255
854,255,255,255
855,255,255,255
856,255,255,255
857,255,255,255
858,255,255,255
859,255,255,255
860,255,255,255
861,255,255,255
862,255,255,255
863,255,255,255
864,255,255,255
865,255,255,255
866,255,255,255
867,255,255,255
868,255,255,255
869,255,255,255
870,9,0,245
871,11,0,243
872,53,0,201
873,61,0,193
874,9,0,245
875,53,0,201
876,11,0,243
877,31,0,223
878,255,255,255
879,255,255,255
880,255,255,255
881,255,255,255
882,255,255,255
883,255,255,255
884,255,255,255
885,255,255,255
886,255,255,255
887,255,255,255
888,255,255,255
889,255,255,255
890,255,255,255
891,255,255,255
892,255,255,255
893,255,255,255
894,255,255,255
895,255,255,255
896,255,255,255
897,255,255,255
898,19,0,235
899,28,0,226
900,19,0,235
901,28,0,226
902,45,0,209
903,33,0,221
904,45,0,209
905,5,0,249
906,5,0,249
907,33,0,221
908,5,0,249
909,63,0,191
910,255,255,255
911,31,0,223
912,255,255,255
913,10,0,244
914,255,255,255
915,255,255,255
916,255,255,255
917,255,255,255
918,255,255,255
919,255,255,255
920,255,255,255
921,255,255,255
922,255,255,255
923,255,255,255
924,255,255,255
925,255,255,255
926,24,0,230
927,255,255,255
928,255,255,255
929,255,255,255
930,19,0,235
931,45,0,209
932,28,0,226
933,8,0,246
934,5,0,249
935,45,0,209
936,8,0,246
937,45,0,209
938,53,0,201
939,255,255,255
940,255,255,255
941,255,255,255
942,255,255,255
943,255,255,255
944,255,255,255
945,255,255,255
946,255,255,255
947,255,255,255
948,255,255,255
949,255,255,255
950,255,255,255
951,255,255,255
952,255,255,255
953,255,255,255
954,255,255,255
955,255,255,255
956,255,255,255
957,255,255,255
958,255,255,255
959,255,255,255
960,28,0,226
961,24,0,230
962,255,255,255
963,11,0,243
964,8,0,246
965,53,0,201
966,61,0,193
967,45,0,209
968,28,0,226
969,5,0,249
970,81,0,173
971,33,0,221
972,255,255,255
973,81,0,173
974,5,0,249
975,11,0,243
976,255,255,255
977,41,0,213
978,255,255,255
979,255,255,255
980,255,255,255
981,255,255,255
982,255,255,255
983,255,255,255
984,53,0,201
985,8,0,246
986,53,0,201
987,45,0,209
988,61,0,193
989,87,0,167
990,81,0,173
991,255,255,255
992,63,0,191
993,54,0,200
994,31,0,223
995,11,0,243
996,41,0,213
997,255,255,255
998,10,0,244
999,255,255,255
1000,255,255,255
1001,255,255,255
1002,255,255,255
1003,255,255,255
1004,255,255,255
1005,255,255,255
1006,255,255,255
1007,255,255,255
1008,255,255,255
1009,255,255,255
1010,255,255,255
1011,255,255,255
1012,255,255,255
1013,255,255,255
1014,255,255,255
1015,255,255,255
1016,255,255,255
1017,255,255,255
1018,24,0,230
1019,255,255,255
1020,28,0,226
1021,45,0,209
1022,63,0,191
1023,255,255,255
1024,255,255,255
1025,255,255,255
1026,255,255,255
1027,255,255,255
1028,255,255,255
1029,255,255,255
1030,255,255,255
1031,255,255,255
1032,255,255,255
1033,255,255,255
1034,255,255,255
1035,255,255,255
1036,255,255,255
1037,255,255,255
1038,255,255,255
1039,255,255,255
1040,255,255,255
1041,255,255,255
1042,255,255,255
1043,255,255,255
1044,255,255,255
1045,255,255,255
1046,255,255,255
1047,255,255,255
1048,255,255,255
1049,255,255,255
1050,255,255,255
1051,255,255,255
1052,255,255,255
1053,255,255,255
1054,255,255,255
1055,255,255,255
1056,255,255,255
1057,255,255,255
1058,255,255,255
1059,255,255,255
1060,255,255,255
1061,255,255,255
1062,255,255,255
1063,255,255,255
1064,255,255,255
1065,255,255,255
1066,255,255,255
1067,255,255,255
1068,255,255,255
1069,255,255,255
1070,255,255,255
1071,255,255,255
1072,255,255,255
1073,255,255,255
1074,96,0,158
1075,63,0,191
1076,45,0,209
1077,96,0,158
1078,45,0,209
1079,87,0,167
1080,255,255,255
1081,255,255,255
1082,255,255,255
1083,54,0,200
1084,11,0,243
1085,41,0,213
1086,255,255,255
1087,255,255,255
1088,255,255,255
1089,255,255,255
1090,10,0,244
1091,255,255,255
1092,255,255,255
1093,255,255,255
1094,255,255,255
1095,255,255,255
1096,255,255,255
1097,255,255,255
1098,255,255,255
1099,255,255,255
1100,255,255,255
1101,255,255,255
1102,255,255,255
1103,255,255,255
1104,255,255,255
1105,255,255,255
1106,255,255,255
1107,255,255,255
1108,255,255,255
1109,255,255,255
1110,255,255,255
1111,255,255,255
1112,255,255,255
1113,255,255,255
1114,255,255,255
1115,255,255,255
1116,255,255,255
1117,255,255,255
1118,255,255,255
1119,28,0,226
1120,63,0,191
1121,24,0,230
1122,61,0,193
1123,53,0,201
1124,102,0,152
1125,45,0,209
1126,33,0,221
1127,81,0,173
1128,31,0,223
1129,54,0,200
1130,63,0,191
1131,255,255,255
1132,255,255,255
1133,255,255,255
1134,255,255,255
1135,255,255,255
1136,255,255,255
1137,255,255,255
1138,255,255,255
1139,255,255,255
1140,255,255,255
1141,255,255,255
1142,255,255,255
1143,255,255,255
1144,255,255,255
1145,255,255,255
1146,255,255,255
1147,255,255,255
1148,255,255,255
1149,255,255,255
1150,255,255,255
1151,255,255,255
1152,255,255,255
1153,255,255,255
1154,255,255,255
1155,255,255,255
1156,255,255,255
1157,255,255,255
1158,255,255,255
1159,255,255,255
1160,255,255,255
1161,17,0,237
1162,255,255,255
1163,24,0,230
1164,255,255,255
1165,255,255,255
1166,255,255,255
1167,255,255,255
1168,255,255,255
1169,255,255,255
1170,255,255,255
1171,255,255,255
1172,255,255,255
1173,255,255,255
1174,255,255,255
1175,255,255,255
1176,255,255,255
1177,255,255,255
1178,255,255,255
1179,255,255,255
1180,255,255,255
1181,255,255,255
1182,255,255,255
1183,255,255,255
1184,255,255,255
1185,255,255,255
1186,255,255,255
1187,255,255,255
1188,255,255,255
1189,255,255,255
1190,255,255,255
1191,255,255,255
1192,255,255,255
1193,255,255,255
1194,255,255,255
1195,255,255,255
1196,17,0,237
1197,255,255,255
1198,255,255,255
1199,255,255,255
1200,61,0,193
1201,102,0,152
1202,87,0,167
1203,255,255,255
1204,255,255,255
1205,255,255,255
1206,255,255,255
1207,255,255,255
1208,255,255,255
1209,255,255,255
1210,255,255,255
1211,255,255,255
1212,255,255,255
1213,255,255,255
1214,255,255,255
1215,255,255,255
1216,255,255,255
1217,255,255,255
1218,255,255,255
1219,255,255,255
1220,255,255,255
1221,255,255,255
1222,255,255,255
1223,255,255,255
1224,255,255,255
1225,255,255,255
1226,255,255,255
1227,255,255,255
1228,255,255,255
1229,255,255,255
1230,255,255,255
1231,255,255,255
1232,255,255,255
1233,255,255,255
1234,255,255,255
1235,255,255,255
1236,255,255,255
1237,255,255,255
1238,255,255,255
1239,255,255,255
1240,255,255,255
1241,255,255,255
1242,255,255,255
1243,255,255,255
1244,255,255,255
1245,57,0,197
1246,24,0,230
1247,77,0,177
1248,53,0,201
1249,102,0,152
1250,53,0,201
1251,45,0,209
1252,81,0,173
1253,111,0,143
1254,54,0,200
1255,97,0,157
1256,63,0,191
1257,54,0,200
1258,41,0,213
1259,69,0,185
1260,31,0,223
1261,41,0,213
1262,10,0,244
1263,31,0,223
1264,10,0,244
1265,255,255,255
1266,255,255,255
1267,255,255,255
1268,255,255,255
1269,255,255,255
1270,255,255,255
1271,255,255,255
1272,255,255,255
1273,255,255,255
1274,255,255,255
1275,255,255,255
1276,255,255,255
1277,255,255,255
1278,255,255,255
1279,255,255,255
1280,255,255,255
1281,255,255,255
1282,255,255,255
1283,255,255,255
1284,255,255,255
1285,255,255,255
1286,255,255,255
1287,255,255,255
1288,255,255,255
1289,255,255,255
1290,17,0,237
1291,24,0,230
1292,57,0,197
1293,24,0,230
1294,63,0,191
1295,77,0,177
1296,77,0,177
1297,63,0,191
1298,105,0,149
1299,53,0,201
1300,117,0,137
1301,102,0,152
1302,53,0,201
1303,45,0,209
1304,117,0,137
1305,45,0,209
1306,111,0,143
1307,117,0,137
1308,97,0,157
1309,54,0,200
1310,88,0,166
1311,31,0,223
1312,55,0,199
1313,41,0,213
1314,255,255,255
1315,255,255,255
1316,255,255,255
1317,255,255,255
1318,255,255,255
1319,255,255,255
1320,255,255,255
1321,255,255,255
1322,255,255,255
1323,255,255,255
1324,255,255,255
1325,255,255,255
1326,255,255,255
1327,255,255,255
1328,255,255,255
1329,255,255,255
1330,255,255,255
1331,255,255,255
1332,255,255,255
1333,255,255,255
1334,255,255,255
1335,255,255,255
1336,255,255,255
1337,255,255,255
1338,255,255,255
1339,255,255,255
1340,255,255,255
1341,255,255,255
1342,255,255,255
1343,255,255,255
1344,255,255,255
1345,255,255,255
1346,255,255,255
1347,255,255,255
1348,255,255,255
1349,255,255,255
1350,255,255,255
1351,255,255,255
1352,255,255,255
1353,255,255,255
1354,255,255,255
1355,255,255,255
1356,255,255,255
1357,255,255,255
1358,255,255,255
1359,255,255,255
1360,255,255,255
1361,255,255,255
1362,255,255,255
1363,30,0,224
1364,255,255,255
1365,255,255,255
1366,255,255,255
1367,14,0,240
1368,14,0,240
1369,255,255,255
1370,30,0,224
1371,87,0,167
1372,111,0,143
1373,96,0,158
1374,63,0,191
1375,97,0,157
1376,114,0,140
1377,255,255,255
1378,255,255,255
1379,255,255,255
1380,55,0,199
1381,69,0,185
1382,41,0,213
1383,31,0,223
1384,255,255,255
1385,13,0,241
1386,255,255,255
1387,255,255,255
1388,255,255,255
1389,255,255,255
1390,255,255,255
1391,255,255,255
1392,255,255,255
1393,255,255,255
1394,255,255,255
1395,255,255,255
1396,255,255,255
1397,255,255,255
1398,255,255,255
1399,255,255,255
1400,255,255,255
1401,255,255,255
1402,255,255,255
1403,255,255,255
1404,255,255,255
1405,255,255,255
1406,255,255,255
1407,255,255,255
1408,255,255,255
1409,255,255,255
1410,255,255,255
1411,255,255,255
1412,255,255,255
1413,255,255,255
1414,255,255,255
1415,255,255,255
1416,255,255,255
1417,5,0,249
1418,255,255,255
1419,255,255,255
1420,5,0,249
1421,255,255,255
1422,255,255,255
1423,17,0,237
1424,5,0,249
1425,87,0,167
1426,102,0,152
1427,136,0,118
1428,63,0,191
1429,114,0,140
1430,81,0,173
1431,54,0,200
1432,69,0,185
1433,88,0,166
1434,255,255,255
1435,255,255,255
1436,255,255,255
1437,255,255,255
1438,255,255,255
1439,255,255,255
1440,255,255,255
1441,255,255,255
1442,255,255,255
1443,255,255,255
1444,255,255,255
1445,255,255,255
1446,255,255,255
1447,255,255,255
1448,255,255,255
1449,255,255,255
1450,255,255,255
1451,255,255,255
1452,255,255,255
1453,255,255,255
1454,255,255,255
1455,255,255,255
1456,255,255,255
1457,255,255,255
1458,255,255,255
1459,255,255,255
1460,255,255,255
1461,255,255,255
1462,255,255,255
1463,255,255,255
1464,255,255,255
1465,255,255,255
1466,5,0,249
1467,255,255,255
1468,255,255,255
1469,255,255,255
1470,255,255,255
1471,5,0,249
1472,30,0,224
1473,255,255,255
1474,255,255,255
1475,30,0,224
1476,255,255,255
1477,255,255,255
1478,255,255,255
1479,255,255,255
1480,30,0,224
1481,52,0,202
1482,255,255,255
1483,52,0,202
1484,30,0,224
1485,30,0,224
1486,52,0,202
1487,61,0,193
1488,255,255,255
1489,255,255,255
1490,255,255,255
1491,255,255,255
1492,14,0,240
1493,255,255,255
1494,57,0,197
1495,77,0,177
1496,68,0,186
1497,14,0,240
1498,30,0,224
1499,56,0,198
1500,56,0,198
1501,18,0,236
1502,14,0,240
1503,255,255,255
1504,255,255,255
1505,255,255,255
1506,105,0,149
1507,63,0,191
1508,96,0,158
1509,255,255,255
1510,255,255,255
1511,255,255,255
1512,255,255,255
1513,255,255,255
1514,255,255,255
1515,255,255,255
1516,255,255,255
1517,13,0,241
1518,255,255,255
1519,255,255,255
1520,255,255,255
1521,255,255,255
1522,255,255,255
1523,255,255,255
1524,255,255,255
1525,255,255,255
1526,255,255,255
1527,255,255,255
1528,255,255,255
1529,255,255,255
1530,255,255,255
1531,255,255,255
1532,255,255,255
1533,255,255,255
1534,8,0,246
1535,255,255,255
1536,6,0,248
1537,255,255,255
1538,255,255,255
1539,255,255,255
1540,255,255,255
1541,255,255,255
1542,5,0,249
1543,17,0,237
1544,24,0,230
1545,24,0,230
1546,17,0,237
1547,39,0,215
1548,70,0,184
1549,17,0,237
1550,57,0,197
1551,255,255,255
1552,14,0,240
1553,18,0,236
1554,30,0,224
1555,69,0,185
1556,56,0,198
1557,87,0,167
1558,136,0,118
1559,111,0,143
1560,255,255,255
1561,255,255,255
1562,255,255,255
1563,111,0,143
1564,81,0,173
1565,114,0,140
1566,84,0,170
1567,69,0,185
1568,55,0,199
1569,13,0,241
1570,255,255,255
1571,255,255,255
1572,255,255,255
1573,255,255,255
1574,255,255,255
1575,255,255,255
1576,255,255,255
1577,255,255,255
1578,255,255,255
1579,255,255,255
1580,255,255,255
1581,255,255,255
1582,255,255,255
1583,255,255,255
1584,255,255,255
1585,255,255,255
1586,255,255,255
1587,255,255,255
1588,255,255,255
1589,255,255,255
1590,255,255,255
1591,255,255,255
1592,255,255,255
1593,255,255,255
1594,255,255,255
1595,255,255,255
1596,255,255,255
1597,255,255,255
1598,255,255,255
1599,255,255,255
1600,255,255,255
1601,255,255,255
1602,0,0,254
1603,255,255,255
1604,255,255,255
1605,6,0,248
1606,8,0,246
1607,255,255,255
1608,0,0,254
1609,6,0,248
1610,255,255,255
1611,5,0,249
1612,24,0,230
1613,30,0,224
1614,70,0,184
1615,39,0,215
1616,17,0,237
1617,255,255,255
1618,255,255,255
1619,255,255,255
1620,30,0,224
1621,61,0,193
1622,69,0,185
1623,77,0,177
1624,105,0,149
1625,79,0,175
1626,97,0,157
1627,88,0,166
1628,141,0,113
1629,69,0,185
1630,118,0,136
1631,88,0,166
1632,43,0,211
1633,55,0,199
1634,31,0,223
1635,31,0,223
1636,13,0,241
1637,43,0,211
1638,32,0,222
1639,43,0,211
1640,13,0,241
1641,32,0,222
1642,13,0,241
1643,10,0,244
1644,13,0,241
1645,255,255,255
1646,10,0,244
1647,255,255,255
1648,255,255,255
1649,255,255,255
1650,255,255,255
1651,255,255,255
1652,255,255,255
1653,255,255,255
1654,255,255,255
1655,255,255,255
1656,255,255,255
1657,255,255,255
1658,255,255,255
1659,255,255,255
1660,255,255,255
1661,255,255,255
1662,255,255,255
1663,255,255,255
1664,255,255,255
1665,24,0,230
1666,39,0,215
1667,44,0,210
1668,56,0,198
1669,52,0,202
1670,30,0,224
1671,57,0,197
1672,68,0,186
1673,73,0,181
1674,68,0,186
1675,77,0,177
1676,79,0,175
1677,84,0,170
1678,55,0,199
1679,86,0,168
1680,255,255,255
1681,255,255,255
1682,255,255,255
1683,255,255,255
1684,13,0,241
1685,255,255,255
1686,255,255,255
1687,255,255,255
1688,255,255,255
1689,255,255,255
1690,255,255,255
1691,255,255,255
1692,255,255,255
1693,255,255,255
1694,255,255,255
1695,255,255,255
1696,255,255,255
1697,255,255,255
1698,255,255,255
1699,255,255,255
1700,255,255,255
1701,255,255,255
1702,255,255,255
1703,255,255,255
1704,255,255,255
1705,255,255,255
1706,255,255,255
1707,255,255,255
1708,255,255,255
1709,255,255,255
1710,255,255,255
1711,255,255,255
1712,255,255,255
1713,255,255,255
1714,255,255,255
1715,255,255,255
1716,30,0,224
1717,24,0,230
1718,44,0,210
1719,52,0,202
1720,68,0,186
1721,61,0,193
1722,61,0,193
1723,68,0,186
1724,79,0,175
1725,18,0,236
1726,56,0,198
1727,45,0,209
1728,96,0,158
1729,111,0,143
1730,154,0,100
1731,111,0,143
1732,136,0,118
1733,154,0,100
1734,97,0,157
1735,141,0,113
1736,114,0,140
1737,141,0,113
1738,88,0,166
1739,118,0,136
1740,55,0,199
1741,57,0,197
1742,86,0,168
1743,43,0,211
1744,57,0,197
1745,55,0,199
1746,255,255,255
1747,255,255,255
1748,255,255,255
1749,255,255,255
1750,255,255,255
1751,255,255,255
1752,255,255,255
1753,255,255,255
1754,255,255,255
1755,255,255,255
1756,255,255,255
1757,255,255,255
1758,255,255,255
1759,255,255,255
1760,255,255,255
1761,255,255,255
1762,255,255,255
1763,255,255,255
1764,255,255,255
1765,255,255,255
1766,255,255,255
1767,255,255,255
1768,255,255,255
1769,255,255,255
1770,255,255,255
1771,255,255,255
1772,255,255,255
1773,255,255,255
1774,255,255,255
1775,255,255,255
1776,255,255,255
1777,255,255,255
1778,255,255,255
1779,255,255,255
1780,8,0,246
1781,255,255,255
1782,255,255,255
1783,255,255,255
1784,255,255,255
1785,33,0,221
1786,6,0,248
1787,0,0,254
1788,42,0,212
1789,30,0,224
1790,44,0,210
1791,70,0,184
1792,44,0,210
1793,39,0,215
1794,57,0,197
1795,73,0,181
1796,70,0,184
1797,68,0,186
1798,52,0,202
1799,73,0,181
1800,61,0,193
1801,79,0,175
1802,69,0,185
1803,79,0,175
1804,105,0,149
1805,101,0,153
1806,102,0,152
1807,117,0,137
1808,136,0,118
1809,255,255,255
1810,255,255,255
1811,255,255,255
1812,118,0,136
1813,69,0,185
1814,84,0,170
1815,32,0,222
1816,10,0,244
1817,27,0,227
1818,3,0,251
1819,10,0,244
1820,255,255,255
1821,255,255,255
1822,255,255,255
1823,255,255,255
1824,255,255,255
1825,255,255,255
1826,255,255,255
1827,255,255,255
1828,255,255,255
1829,255,255,255
1830,255,255,255
1831,255,255,255
1832,255,255,255
1833,255,255,255
1834,255,255,255
1835,255,255,255
1836,255,255,255
1837,255,255,255
1838,255,255,255
1839,255,255,255
1840,255,255,255
1841,255,255,255
1842,255,255,255
1843,255,255,255
1844,255,255,255
1845,255,255,255
1846,255,255,255
1847,255,255,255
1848,255,255,255
1849,255,255,255
1850,255,255,255
1851,255,255,255
1852,255,255,255
1853,0,0,254
1854,6,0,248
1855,33,0,221
1856,8,0,246
1857,79,0,175
1858,101,0,153
1859,95,0,159
1860,79,0,175
1861,95,0,159
1862,69,0,185
1863,69,0,185
1864,95,0,159
1865,56,0,198
1866,56,0,198
1867,95,0,159
1868,87,0,167
1869,255,255,255
1870,255,255,255
1871,255,255,255
1872,45,0,209
1873,56,0,198
1874,77,0,177
1875,168,0,86
1876,117,0,137
1877,111,0,143
1878,111,0,143
1879,114,0,140
1880,161,0,93
1881,57,0,197
1882,43,0,211
1883,32,0,222
1884,255,255,255
1885,255,255,255
1886,255,255,255
1887,255,255,255
1888,255,255,255
1889,255,255,255
1890,255,255,255
1891,255,255,255
1892,255,255,255
1893,255,255,255
1894,255,255,255
1895,255,255,255
1896,255,255,255
1897,255,255,255
1898,255,255,255
1899,255,255,255
1900,255,255,255
1901,255,255,255
1902,255,255,255
1903,255,255,255
1904,255,255,255
1905,0,0,254
1906,255,255,255
1907,17,0,237
1908,255,255,255
1909,8,0,246
1910,30,0,224
1911,0,0,254
1912,17,0,237
1913,33,0,221
1914,8,0,246
1915,33,0,221
1916,30,0,224
1917,42,0,212
1918,44,0,210
1919,33,0,221
1920,30,0,224
1921,33,0,221
1922,70,0,184
1923,33,0,221
1924,44,0,210
1925,70,0,184
1926,30,0,224
1927,42,0,212
1928,56,0,198
1929,255,255,255
1930,255,255,255
1931,255,255,255
1932,56,0,198
1933,73,0,181
1934,52,0,202
1935,255,255,255
1936,18,0,236
1937,255,255,255
1938,255,255,255
1939,255,255,255
1940,255,255,255
1941,96,0,158
1942,151,0,103
1943,105,0,149
1944,151,0,103
1945,96,0,158
1946,154,0,100
1947,136,0,118
1948,117,0,137
1949,188,0,66
1950,111,0,143
1951,161,0,93
1952,168,0,86
1953,141,0,113
1954,161,0,93
1955,114,0,140
1956,86,0,168
1957,57,0,197
1958,73,0,181
1959,84,0,170
1960,86,0,168
1961,120,0,134
1962,27,0,227
1963,40,0,214
1964,32,0,222
1965,10,0,244
1966,3,0,251
1967,27,0,227
1968,255,255,255
1969,255,255,255
1970,255,255,255
1971,255,255,255
1972,255,255,255
1973,255,255,255
1974,255,255,255
1975,255,255,255
1976,255,255,255
1977,255,255,255
1978,255,255,255
1979,255,255,255
1980,255,255,255
1981,255,255,255
1982,255,255,255
1983,255,255,255
1984,255,255,255
1985,255,255,255
1986,255,255,255
1987,255,255,255
1988,255,255,255
1989,255,255,255
1990,255,255,255
1991,255,255,255
1992,42,0,212
1993,33,0,221
1994,17,0,237
1995,255,255,255
1996,255,255,255
1997,255,255,255
1998,255,255,255
1999,255,255,255
2000,255,255,255
2001,255,255,255
2002,18,0,236
2003,255,255,255
2004,45,0,209
2005,255,255,255
2006,18,0,236
2007,101,0,153
2008,105,0,149
2009,134,0,120
2010,105,0,149
2011,151,0,103
2012,134,0,120
2013,117,0,137
2014,168,0,86
2015,188,0,66
2016,54,0,200
2017,73,0,181
2018,57,0,197
2019,86,0,168
2020,73,0,181
2021,119,0,135
2022,45,0,209
2023,54,0,200
2024,57,0,197
2025,45,0,209
2026,57,0,197
2027,32,0,222
2028,40,0,214
2029,45,0,209
2030,32,0,222
2031,3,0,251
2032,255,255,255
2033,255,255,255
2034,255,255,255
2035,255,255,255
2036,255,255,255
2037,255,255,255
2038,255,255,255
2039,255,255,255
2040,255,255,255
2041,255,255,255
2042,255,255,255
2043,255,255,255
2044,255,255,255
2045,255,255,255
2046,255,255,255
2047,255,255,255
2048,255,255,255
2049,255,255,255
2050,255,255,255
2051,255,255,255
2052,255,255,255
2053,255,255,255
2054,255,255,255
2055,255,255,255
2056,255,255,255
2057,255,255,255
2058,255,255,255
2059,255,255,255
2060,255,255,255
2061,255,255,255
2062,255,255,255
2063,255,255,255
2064,255,255,255
2065,255,255,255
2066,255,255,255
2067,42,0,212
2068,43,0,211
2069,56,0,198
2070,255,255,255
2071,255,255,255
2072,255,255,255
2073,101,0,153
2074,108,0,146
2075,95,0,159
2076,56,0,198
2077,87,0,167
2078,77,0,177
2079,154,0,100
2080,136,0,118
2081,188,0,66
2082,255,255,255
2083,255,255,255
2084,255,255,255
2085,119,0,135
2086,142,0,112
2087,86,0,168
2088,86,0,168
2089,142,0,112
2090,120,0,134
2091,120,0,134
2092,118,0,136
2093,84,0,170
2094,255,255,255
2095,255,255,255
2096,255,255,255
2097,255,255,255
2098,255,255,255
2099,255,255,255
2100,255,255,255
2101,255,255,255
2102,255,255,255
2103,255,255,255
2104,255,255,255
2105,255,255,255
2106,255,255,255
2107,255,255,255
2108,255,255,255
2109,255,255,255
2110,255,255,255
2111,255,255,255
2112,255,255,255
2113,255,255,255
2114,255,255,255
2115,255,255,255
2116,255,255,255
2117,255,255,255
2118,255,255,255
2119,255,255,255
2120,255,255,255
2121,15,0,239
2122,17,0,237
2123,255,255,255
2124,255,255,255
2125,255,255,255
2126,24,0,230
2127,255,255,255
2128,30,0,224
2129,24,0,230
2130,255,255,255
2131,255,255,255
2132,255,255,255
2133,30,0,224
2134,70,0,184
2135,58,0,196
2136,255,255,255
2137,255,255,255
2138,255,255,255
2139,255,255,255
2140,255,255,255
2141,255,255,255
2142,96,0,158
2143,73,0,181
2144,56,0,198
2145,115,0,139
2146,108,0,146
2147,101,0,153
2148,134,0,120
2149,115,0,139
2150,101,0,153
2151,95,0,159
2152,103,0,151
2153,87,0,167
2154,51,0,203
2155,73,0,181
2156,54,0,200
2157,141,0,113
2158,118,0,136
2159,155,0,99
2160,85,0,169
2161,119,0,135
2162,73,0,181
2163,32,0,222
2164,51,0,203
2165,54,0,200
2166,155,0,99
2167,118,0,136
2168,167,0,87
2169,45,0,209
2170,32,0,222
2171,54,0,200
2172,27,0,227
2173,3,0,251
2174,27,0,227
2175,255,255,255
2176,255,255,255
2177,255,255,255
2178,255,255,255
2179,255,255,255
2180,255,255,255
2181,255,255,255
2182,255,255,255
2183,255,255,255
2184,255,255,255
2185,255,255,255
2186,255,255,255
2187,255,255,255
2188,255,255,255
2189,255,255,255
2190,255,255,255
2191,255,255,255
2192,255,255,255
2193,255,255,255
2194,255,255,255
2195,15,0,239
2196,255,255,255
2197,255,255,255
2198,255,255,255
2199,43,0,211
2200,42,0,212
2201,17,0,237
2202,58,0,196
2203,70,0,184
2204,75,0,179
2205,56,0,198
2206,77,0,177
2207,78,0,176
2208,56,0,198
2209,78,0,176
2210,96,0,158
2211,255,255,255
2212,255,255,255
2213,255,255,255
2214,95,0,159
2215,108,0,146
2216,103,0,151
2217,85,0,169
2218,73,0,181
2219,51,0,203
2220,120,0,134
2221,167,0,87
2222,118,0,136
2223,255,255,255
2224,255,255,255
2225,255,255,255
2226,27,0,227
2227,27,0,227
2228,40,0,214
2229,255,255,255
2230,255,255,255
2231,255,255,255
2232,255,255,255
2233,255,255,255
2234,255,255,255
2235,255,255,255
2236,255,255,255
2237,255,255,255
2238,255,255,255
2239,255,255,255
2240,255,255,255
2241,255,255,255
2242,255,255,255
2243,255,255,255
2244,255,255,255
2245,255,255,255
2246,255,255,255
2247,255,255,255
2248,255,255,255
2249,255,255,255
2250,255,255,255
2251,255,255,255
2252,255,255,255
2253,15,0,239
2254,255,255,255
2255,24,0,230
2256,15,0,239
2257,43,0,211
2258,17,0,237
2259,30,0,224
2260,58,0,196
2261,24,0,230
2262,43,0,211
2263,77,0,177
2264,56,0,198
2265,255,255,255
2266,255,255,255
2267,255,255,255
2268,96,0,158
2269,102,0,152
2270,70,0,184
2271,96,0,158
2272,108,0,146
2273,115,0,139
2274,255,255,255
2275,255,255,255
2276,255,255,255
2277,255,255,255
2278,45,0,209
2279,13,0,241
2280,188,0,66
2281,151,0,103
2282,154,0,100
2283,41,0,213
2284,51,0,203
2285,15,0,239
2286,85,0,169
2287,51,0,203
2288,41,0,213
2289,10,0,244
2290,255,255,255
2291,15,0,239
2292,161,0,93
2293,141,0,113
2294,155,0,99
2295,10,0,244
2296,15,0,239
2297,51,0,203
2298,10,0,244
2299,51,0,203
2300,32,0,222
2301,142,0,112
2302,167,0,87
2303,120,0,134
2304,27,0,227
2305,32,0,222
2306,45,0,209
2307,40,0,214
2308,27,0,227
2309,45,0,209
2310,255,255,255
2311,255,255,255
2312,255,255,255
2313,42,0,212
2314,40,0,214
2315,27,0,227
2316,27,0,227
2317,3,0,251
2318,255,255,255
2319,255,255,255
2320,255,255,255
2321,255,255,255
2322,255,255,255
2323,255,255,255
2324,255,255,255
2325,255,255,255
2326,255,255,255
2327,255,255,255
2328,255,255,255
2329,255,255,255
2330,255,255,255
2331,255,255,255
2332,255,255,255
2333,255,255,255
2334,255,255,255
2335,255,255,255
2336,255,255,255
2337,255,255,255
2338,255,255,255
2339,255,255,255
2340,102,0,152
2341,75,0,179
2342,70,0,184
2343,97,0,157
2344,96,0,158
2345,78,0,176
2346,96,0,158
2347,115,0,139
2348,102,0,152
2349,96,0,158
2350,97,0,157
2351,108,0,146
2352,134,0,120
2353,133,0,121
2354,115,0,139
2355,108,0,146
2356,117,0,137
2357,103,0,151
2358,13,0,241
2359,45,0,209
2360,62,0,192
2361,151,0,103
2362,162,0,92
2363,134,0,120
2364,105,0,149
2365,77,0,177
2366,87,0,167
2367,45,0,209
2368,77,0,177
2369,62,0,192
2370,151,0,103
2371,188,0,66
2372,162,0,92
2373,188,0,66
2374,168,0,86
2375,200,0,54
2376,200,0,54
2377,168,0,86
2378,161,0,93
2379,255,255,255
2380,15,0,239
2381,255,255,255
2382,119,0,135
2383,85,0,169
2384,111,0,143
2385,10,0,244
2386,32,0,222
2387,255,255,255
2388,32,0,222
2389,27,0,227
2390,255,255,255
2391,3,0,251
2392,255,255,255
2393,255,255,255
2394,255,255,255
2395,255,255,255
2396,255,255,255
2397,255,255,255
2398,255,255,255
2399,255,255,255
2400,255,255,255
2401,255,255,255
2402,255,255,255
2403,255,255,255
2404,255,255,255
2405,255,255,255
2406,255,255,255
2407,255,255,255
2408,255,255,255
2409,255,255,255
2410,255,255,255
2411,255,255,255
2412,255,255,255
2413,255,255,255
2414,255,255,255
2415,255,255,255
2416,255,255,255
2417,255,255,255
2418,15,0,239
2419,24,0,230
2420,58,0,196
2421,15,0,239
2422,58,0,196
2423,43,0,211
2424,255,255,255
2425,255,255,255
2426,255,255,255
2427,43,0,211
2428,68,0,186
2429,77,0,177
2430,97,0,157
2431,78,0,176
2432,77,0,177
2433,102,0,152
2434,115,0,139
2435,133,0,121
2436,255,255,255
2437,255,255,255
2438,13,0,241
2439,255,255,255
2440,255,255,255
2441,255,255,255
2442,255,255,255
2443,255,255,255
2444,255,255,255
2445,2,0,252
2446,41,0,213
2447,15,0,239
2448,255,255,255
2449,2,0,252
2450,15,0,239
2451,183,0,71
2452,155,0,99
2453,167,0,87
2454,10,0,244
2455,255,255,255
2456,255,255,255
2457,27,0,227
2458,40,0,214
2459,28,0,226
2460,255,255,255
2461,255,255,255
2462,255,255,255
2463,255,255,255
2464,255,255,255
2465,255,255,255
2466,255,255,255
2467,255,255,255
2468,255,255,255
2469,255,255,255
2470,255,255,255
2471,255,255,255
2472,255,255,255
2473,255,255,255
2474,255,255,255
2475,255,255,255
2476,255,255,255
2477,255,255,255
2478,255,255,255
2479,255,255,255
2480,255,255,255
2481,255,255,255
2482,255,255,255
2483,255,255,255
2484,255,255,255
2485,255,255,255
2486,255,255,255
2487,255,255,255
2488,255,255,255
2489,255,255,255
2490,43,0,211
2491,58,0,196
2492,68,0,186
2493,75,0,179
2494,68,0,186
2495,58,0,196
2496,100,0,154
2497,117,0,137
2498,97,0,157
2499,97,0,157
2500,117,0,137
2501,108,0,146
2502,134,0,120
2503,162,0,92
2504,133,0,121
2505,162,0,92
2506,188,0,66
2507,170,0,84
2508,105,0,149
2509,62,0,192
2510,77,0,177
2511,41,0,213
2512,2,0,252
2513,28,0,226
2514,155,0,99
2515,200,0,54
2516,161,0,93
2517,41,0,213
2518,111,0,143
2519,85,0,169
2520,183,0,71
2521,200,0,54
2522,155,0,99
2523,119,0,135
2524,111,0,143
2525,152,0,102
2526,255,255,255
2527,255,255,255
2528,255,255,255
2529,255,255,255
2530,27,0,227
2531,255,255,255
2532,28,0,226
2533,40,0,214
2534,42,0,212
2535,255,255,255
2536,255,255,255
2537,255,255,255
2538,255,255,255
2539,255,255,255
2540,255,255,255
2541,255,255,255
2542,255,255,255
2543,255,255,255
2544,255,255,255
2545,255,255,255
2546,255,255,255
2547,255,255,255
2548,255,255,255
2549,255,255,255
2550,255,255,255
2551,255,255,255
2552,255,255,255
2553,255,255,255
2554,255,255,255
2555,255,255,255
2556,255,255,255
2557,255,255,255
2558,255,255,255
2559,255,255,255
2560,255,255,255
2561,255,255,255
2562,255,255,255
2563,255,255,255
2564,255,255,255
2565,255,255,255
2566,255,255,255
2567,255,255,255
2568,68,0,186
2569,75,0,179
2570,99,0,155
2571,99,0,155
2572,75,0,179
2573,102,0,152
2574,77,0,177
2575,100,0,154
2576,97,0,157
2577,255,255,255
2578,255,255,255
2579,255,255,255
2580,127,0,127
2581,103,0,151
2582,117,0,137
2583,127,0,127
2584,87,0,167
2585,103,0,151
2586,255,255,255
2587,255,255,255
2588,255,255,255
2589,41,0,213
2590,28,0,226
2591,63,0,191
2592,63,0,191
2593,111,0,143
2594,41,0,213
2595,255,255,255
2596,255,255,255
2597,255,255,255
2598,5,0,249
2599,27,0,227
2600,28,0,226
2601,42,0,212
2602,27,0,227
2603,47,0,207
2604,255,255,255
2605,255,255,255
2606,255,255,255
2607,255,255,255
2608,255,255,255
2609,255,255,255
2610,255,255,255
2611,255,255,255
2612,255,255,255
2613,255,255,255
2614,255,255,255
2615,255,255,255
2616,255,255,255
2617,255,255,255
2618,255,255,255
2619,255,255,255
2620,255,255,255
2621,255,255,255
2622,255,255,255
2623,255,255,255
2624,255,255,255
2625,255,255,255
2626,255,255,255
2627,255,255,255
2628,255,255,255
2629,255,255,255
2630,255,255,255
2631,255,255,255
2632,255,255,255
2633,255,255,255
2634,255,255,255
2635,255,255,255
2636,255,255,255
2637,255,255,255
2638,255,255,255
2639,255,255,255
2640,255,255,255
2641,255,255,255
2642,255,255,255
2643,99,0,155
2644,102,0,152
2645,133,0,121
2646,127,0,127
2647,105,0,149
2648,87,0,167
2649,13,0,241
2650,62,0,192
2651,55,0,199
2652,63,0,191
2653,120,0,134
2654,111,0,143
2655,111,0,143
2656,120,0,134
2657,152,0,102
2658,27,0,227
2659,5,0,249
2660,255,255,255
2661,255,255,255
2662,255,255,255
2663,255,255,255
2664,255,255,255
2665,255,255,255
2666,255,255,255
2667,255,255,255
2668,255,255,255
2669,255,255,255
2670,255,255,255
2671,255,255,255
2672,255,255,255
2673,255,255,255
2674,255,255,255
2675,255,255,255
2676,255,255,255
2677,255,255,255
2678,255,255,255
2679,255,255,255
2680,255,255,255
2681,255,255,255
2682,255,255,255
2683,255,255,255
2684,255,255,255
2685,255,255,255
2686,255,255,255
2687,255,255,255
2688,255,255,255
2689,255,255,255
2690,255,255,255
2691,255,255,255
2692,255,255,255
2693,255,255,255
2694,255,255,255
2695,255,255,255
2696,255,255,255
2697,255,255,255
2698,255,255,255
2699,255,255,255
2700,255,255,255
2701,255,255,255
2702,255,255,255
2703,77,0,177
2704,68,0,186
2705,99,0,155
2706,77,0,177
2707,99,0,155
2708,100,0,154
2709,255,255,255
2710,255,255,255
2711,255,255,255
2712,133,0,121
2713,162,0,92
2714,170,0,84
2715,255,255,255
2716,13,0,241
2717,10,0,244
2718,10,0,244
2719,13,0,241
2720,55,0,199
2721,63,0,191
2722,28,0,226
2723,10,0,244
2724,2,0,252
2725,10,0,244
2726,28,0,226
2727,255,255,255
2728,10,0,244
2729,2,0,252
2730,255,255,255
2731,2,0,252
2732,255,255,255
2733,255,255,255
2734,255,255,255
2735,255,255,255
2736,142,0,112
2737,119,0,135
2738,152,0,102
2739,255,255,255
2740,255,255,255
2741,255,255,255
2742,255,255,255
2743,255,255,255
2744,255,255,255
2745,255,255,255
2746,255,255,255
2747,255,255,255
2748,255,255,255
2749,255,255,255
2750,255,255,255
2751,255,255,255
2752,255,255,255
2753,255,255,255
2754,255,255,255
2755,255,255,255
2756,255,255,255
2757,255,255,255
2758,255,255,255
2759,255,255,255
2760,255,255,255
2761,255,255,255
2762,255,255,255
2763,128,0,126
2764,99,0,155
2765,133,0,121
2766,255,255,255
2767,255,255,255
2768,255,255,255
2769,117,0,137
2770,121,0,133
2771,127,0,127
2772,170,0,84
2773,128,0,126
2774,133,0,121
2775,55,0,199
2776,62,0,192
2777,105,0,149
2778,255,255,255
2779,10,0,244
2780,255,255,255
2781,170,0,84
2782,188,0,66
2783,201,0,53
2784,200,0,54
2785,183,0,71
2786,194,0,60
2787,255,255,255
2788,255,255,255
2789,255,255,255
2790,255,255,255
2791,255,255,255
2792,255,255,255
2793,255,255,255
2794,255,255,255
2795,255,255,255
2796,255,255,255
2797,255,255,255
2798,255,255,255
2799,255,255,255
2800,255,255,255
2801,255,255,255
2802,255,255,255
2803,255,255,255
2804,255,255,255
2805,255,255,255
2806,255,255,255
2807,255,255,255
2808,255,255,255
2809,255,255,255
2810,255,255,255
2811,255,255,255
2812,255,255,255
2813,255,255,255
2814,255,255,255
2815,255,255,255
2816,255,255,255
2817,255,255,255
2818,255,255,255
2819,255,255,255
2820,255,255,255
2821,255,255,255
2822,255,255,255
2823,255,255,255
2824,255,255,255
2825,255,255,255
2826,255,255,255
2827,255,255,255
2828,255,255,255
2829,121,0,133
2830,117,0,137
2831,100,0,154
2832,255,255,255
2833,255,255,255
2834,255,255,255
2835,105,0,149
2836,91,0,163
2837,55,0,199
2838,55,0,199
2839,63,0,191
2840,10,0,244
2841,10,0,244
2842,255,255,255
2843,255,255,255
2844,188,0,66
2845,200,0,54
2846,201,0,53
2847,255,255,255
2848,255,255,255
2849,255,255,255
2850,63,0,191
2851,91,0,163
2852,120,0,134
2853,194,0,60
2854,201,0,53
2855,200,0,54
2856,255,255,255
2857,255,255,255
2858,255,255,255
2859,255,255,255
2860,255,255,255
2861,255,255,255
2862,167,0,87
2863,142,0,112
2864,176,0,78
2865,152,0,102
2866,176,0,78
2867,142,0,112
2868,255,255,255
2869,255,255,255
2870,255,255,255
2871,255,255,255
2872,255,255,255
2873,255,255,255
2874,255,255,255
2875,255,255,255
2876,255,255,255
2877,255,255,255
2878,255,255,255
2879,255,255,255
2880,255,255,255
2881,255,255,255
2882,255,255,255
2883,255,255,255
2884,255,255,255
2885,255,255,255
2886,255,255,255
2887,255,255,255
2888,255,255,255
2889,255,255,255
2890,255,255,255
2891,255,255,255
2892,255,255,255
2893,255,255,255
2894,255,255,255
2895,255,255,255
2896,255,255,255
2897,255,255,255
2898,255,255,255
2899,255,255,255
2900,255,255,255
2901,99,0,155
2902,128,0,126
2903,100,0,154
2904,255,255,255
2905,255,255,255
2906,255,255,255
2907,255,255,255
2908,255,255,255
2909,255,255,255
2910,91,0,163
2911,63,0,191
2912,55,0,199
2913,176,0,78
2914,194,0,60
2915,183,0,71
2916,176,0,78
2917,183,0,71
2918,167,0,87
2919,255,255,255
2920,255,255,255
2921,255,255,255
2922,255,255,255
2923,255,255,255
2924,255,255,255
2925,27,0,227
2926,255,255,255
2927,35,0,219
2928,255,255,255
2929,255,255,255
2930,255,255,255
2931,255,255,255
2932,255,255,255
2933,255,255,255
2934,255,255,255
2935,255,255,255
2936,255,255,255
2937,255,255,255
2938,255,255,255
2939,255,255,255
2940,255,255,255
2941,255,255,255
2942,255,255,255
2943,255,255,255
2944,255,255,255
2945,255,255,255
2946,255,255,255
2947,255,255,255
2948,255,255,255
2949,255,255,255
2950,255,255,255
2951,255,255,255
2952,255,255,255
2953,255,255,255
2954,255,255,255
2955,255,255,255
2956,255,255,255
2957,255,255,255
2958,255,255,255
2959,255,255,255
2960,255,255,255
2961,255,255,255
2962,255,255,255
2963,255,255,255
2964,100,0,154
2965,128,0,126
2966,121,0,133
2967,255,255,255
2968,255,255,255
2969,255,255,255
2970,134,0,120
2971,121,0,133
2972,128,0,126
2973,134,0,120
2974,128,0,126
2975,170,0,84
2976,255,255,255
2977,255,255,255
2978,255,255,255
2979,255,255,255
2980,255,255,255
2981,255,255,255
2982,91,0,163
2983,155,0,99
2984,120,0,134
2985,255,255,255
2986,255,255,255
2987,255,255,255
2988,255,255,255
2989,255,255,255
2990,255,255,255
2991,47,0,207
2992,27,0,227
2993,35,0,219
2994,255,255,255
2995,255,255,255
2996,255,255,255
2997,255,255,255
2998,255,255,255
2999,255,255,255
3000,255,255,255
3001,255,255,255
3002,255,255,255
3003,255,255,255
3004,255,255,255
3005,255,255,255
3006,255,255,255
3007,255,255,255
3008,255,255,255
3009,127,0,127
3010,121,0,133
3011,134,0,120
3012,170,0,84
3013,156,0,98
3014,134,0,120
3015,127,0,127
3016,134,0,120
3017,121,0,133
3018,170,0,84
3019,201,0,53
3020,156,0,98
3021,105,0,149
3022,127,0,127
3023,121,0,133
3024,105,0,149
3025,121,0,133
3026,91,0,163
3027,255,255,255
3028,255,255,255
3029,255,255,255
3030,255,255,255
3031,255,255,255
3032,255,255,255
3033,155,0,99
3034,152,0,102
3035,120,0,134
3036,255,255,255
3037,255,255,255
3038,255,255,255
3039,5,0,249
3040,255,255,255
3041,255,255,255
3042,42,0,212
3043,32,0,222
3044,28,0,226
3045,255,255,255
3046,255,255,255
3047,255,255,255
3048,255,255,255
3049,255,255,255
3050,255,255,255
3051,255,255,255
3052,255,255,255
3053,255,255,255
3054,255,255,255
3055,255,255,255
3056,255,255,255
3057,255,255,255
3058,255,255,255
3059,255,255,255
3060,255,255,255
3061,255,255,255
3062,255,255,255
3063,255,255,255
3064,255,255,255
3065,255,255,255
3066,255,255,255
3067,255,255,255
3068,255,255,255
3069,121,0,133
3070,134,0,120
3071,156,0,98
3072,156,0,98
3073,201,0,53
3074,187,0,67
3075,121,0,133
3076,156,0,98
3077,187,0,67
3078,187,0,67
3079,201,0,53
3080,194,0,60
3081,121,0,133
3082,187,0,67
3083,155,0,99
3084,91,0,163
3085,121,0,133
3086,155,0,99
3087,176,0,78
3088,187,0,67
3089,194,0,60
3090,155,0,99
3091,187,0,67
3092,176,0,78
3093,155,0,99
3094,176,0,78
3095,152,0,102
3096,255,255,255
3097,5,0,249
3098,255,255,255
3099,255,255,255
3100,255,255,255
3101,255,255,255
3102,255,255,255
3103,255,255,255
3104,255,255,255
3105,255,255,255
3106,255,255,255
3107,255,255,255
3108,255,255,255
3109,255,255,255
3110,255,255,255
3111,255,255,255
3112,255,255,255
3113,255,255,255
3114,255,255,255
3115,255,255,255
3116,255,255,255
3117,255,255,255
3118,255,255,255
3119,255,255,255
3120,255,255,255
3121,255,255,255
3122,255,255,255
3123,255,255,255
3124,255,255,255
3125,255,255,255
3126,255,255,255
3127,255,255,255
3128,255,255,255
3129,255,255,255
3130,255,255,255
3131,255,255,255
3132,255,255,255
3133,255,255,255
3134,255,255,255
3135,5,0,249
3136,28,0,226
3137,32,0,222
3138,32,0,222
3139,42,0,212
3140,47,0,207
3141,47,0,207
3142,35,0,219
3143,34,0,220
3144,35,0,219
3145,255,255,255
3146,255,255,255
3147,255,255,255
3148,255,255,255
3149,255,255,255
3150,255,255,255
3151,255,255,255
3152,255,255,255
3153,255,255,255
3154,255,255,255
3155,255,255,255
3156,255,255,255
3157,255,255,255
3158,255,255,255
3159,255,255,255
3160,255,255,255
3161,255,255,255
3162,255,255,255
3163,255,255,255
3164,255,255,255
3165,255,255,255
3166,255,255,255
3167,255,255,255
3168,255,255,255
3169,255,255,255
3170,255,255,255
3171,255,255,255
3172,255,255,255
3173,255,255,255
3174,255,255,255
3175,255,255,255
3176,255,255,255
3177,255,255,255
3178,255,255,255
3179,255,255,255
3180,255,255,255
3181,255,255,255
3182,255,255,255
3183,255,255,255
3184,255,255,255
3185,255,255,255
3186,255,255,255
3187,255,255,255
3188,255,255,255
3189,255,255,255
3190,255,255,255
3191,255,255,255
3192,255,255,255
3193,255,255,255
3194,255,255,255
3195,255,255,255
3196,255,255,255
3197,255,255,255
3198,255,255,255
3199,255,255,255
3200,255,255,255
3201,255,255,255
3202,255,255,255
3203,255,255,255
3204,255,255,255
3205,255,255,255
3206,255,255,255
3207,255,255,255
3208,255,255,255
3209,255,255,255
3210,255,255,255
3211,255,255,255
3212,255,255,255
3213,255,255,255
3214,255,255,255
3215,255,255,255
3216,255,255,255
3217,255,255,255
3218,255,255,255
3219,32,0,222
3220,255,255,255
3221,5,0,249
3222,255,255,255
3223,255,255,255
3224,255,255,255
3225,255,255,255
3226,255,255,255
3227,255,255,255
3228,255,255,255
3229,255,255,255
3230,255,255,255
3231,255,255,255
3232,255,255,255
3233,255,255,255
3234,255,255,255
3235,255,255,255
3236,255,255,255
3237,255,255,255
3238,255,255,255
3239,255,255,255
3240,255,255,255
3241,255,255,255
3242,255,255,255
3243,255,255,255
3244,255,255,255
3245,255,255,255
3246,255,255,255
3247,255,255,255
3248,255,255,255
3249,255,255,255
3250,255,255,255
3251,255,255,255
3252,255,255,255
3253,255,255,255
3254,255,255,255
3255,255,255,255
3256,255,255,255
3257,255,255,255
3258,255,255,255
3259,255,255,255
3260,255,255,255
3261,255,255,255
3262,255,255,255
3263,255,255,255
3264,255,255,255
3265,255,255,255
3266,255,255,255
3267,255,255,255
3268,255,255,255
3269,255,255,255
3270,32,0,222
3271,47,0,207
3272,30,0,224
3273,255,255,255
3274,255,255,255
3275,255,255,255
3276,255,255,255
3277,255,255,255
3278,255,255,255
3279,255,255,255
3280,255,255,255
3281,255,255,255
3282,255,255,255
3283,255,255,255
3284,255,255,255
3285,255,255,255
3286,255,255,255
3287,255,255,255
3288,255,255,255
3289,255,255,255
3290,255,255,255
3291,255,255,255
3292,255,255,255
3293,255,255,255
3294,255,255,255
3295,255,255,255
3296,255,255,255
3297,255,255,255
3298,255,255,255
3299,255,255,255
3300,255,255,255
3301,255,255,255
3302,255,255,255
3303,34,0,220
3304,30,0,224
3305,47,0,207
3306,255,255,255
3307,255,255,255
3308,255,255,255
3309,255,255,255
3310,255,255,255
3311,255,255,255
3312,255,255,255
3313,255,255,255
3314,255,255,255
3315,255,255,255
3316,255,255,255
3317,255,255,255
3318,255,255,255
3319,255,255,255
3320,255,255,255
3321,255,255,255
3322,255,255,255
3323,255,255,255
3324,255,255,255
3325,255,255,255
3326,255,255,255
3327,255,255,255
3328,255,255,255
3329,255,255,255
3330,255,255,255
3331,255,255,255
3332,255,255,255
3333,255,255,255
3334,255,255,255
3335,255,255,255
3336,255,255,255
3337,255,255,255
3338,255,255,255
3339,255,255,255
3340,255,255,255
3341,255,255,255
3342,255,255,255
3343,255,255,255
3344,255,255,255
3345,255,255,255
3346,255,255,255
3347,255,255,255
3348,35,0,219
3349,255,255,255
3350,34,0,220
3351,255,255,255
3352,255,255,255
3353,255,255,255
3354,255,255,255
3355,255,255,255
3356,255,255,255
3357,255,255,255
3358,255,255,255
3359,255,255,255
3360,255,255,255
3361,255,255,255
3362,255,255,255
3363,255,255,255
3364,255,255,255
3365,255,255,255
3366,255,255,255
3367,255,255,255
3368,255,255,255
3369,255,255,255
3370,255,255,255
3371,255,255,255
3372,255,255,255
3373,255,255,255
3374,255,255,255
3375,255,255,255
3376,255,255,255
3377,255,255,255
3378,255,255,255
3379,255,255,255
3380,255,255,255
3381,255,255,255
3382,255,255,255
3383,255,255,255
3384,255,255,255
3385,255,255,255
3386,255,255,255
3387,255,255,255
3388,255,255,255
3389,255,255,255
3390,255,255,255
3391,255,255,255
3392,255,255,255
3393,255,255,255
3394,255,255,255
3395,255,255,255
3396,255,255,255
3397,255,255,255
3398,255,255,255
3399,255,255,255
3400,255,255,255
3401,255,255,255
3402,255,255,255
3403,32,0,222
3404,255,255,255
3405,34,0,220
3406,255,255,255
3407,255,255,255
3408,255,255,255
3409,255,255,255
3410,255,255,255
3411,255,255,255
3412,255,255,255
3413,255,255,255
3414,255,255,255
3415,255,255,255
3416,255,255,255
3417,255,255,255
3418,255,255,255
3419,255,255,255
3420,255,255,255
3421,255,255,255
3422,255,255,255
3423,255,255,255
3424,255,255,255
3425,255,255,255
3426,255,255,255
3427,255,255,255
3428,255,255,255
3429,255,255,255
3430,255,255,255
3431,255,255,255
3432,255,255,255
3433,255,255,255
3434,255,255,255
3435,255,255,255
3436,255,255,255
3437,255,255,255
3438,255,255,255
3439,255,255,255
3440,255,255,255
3441,255,255,255
3442,255,255,255
3443,255,255,255
3444,255,255,255
3445,32,0,222
3446,30,0,224
3447,255,255,255
3448,255,255,255
3449,255,255,255
3450,255,255,255
3451,255,255,255
3452,255,255,255
3453,255,255,255
3454,255,255,255
3455,255,255,255
3456,255,255,255
3457,255,255,255
3458,255,255,255
3459,255,255,255
3460,255,255,255
3461,255,255,255
3462,255,255,255
3463,255,255,255
3464,255,255,255
3465,255,255,255
3466,255,255,255
3467,255,255,255
3468,255,255,255
3469,255,255,255
3470,255,255,255
3471,255,255,255
3472,255,255,255
3473,255,255,255
3474,255,255,255
3475,255,255,255
3476,255,255,255
3477,255,255,255
3478,255,255,255
3479,255,255,255
3480,255,255,255
3481,255,255,255
3482,255,255,255
3483,255,255,255
3484,255,255,255
3485,255,255,255
3486,255,255,255
3487,32,0,222
3488,255,255,255
3489,255,255,255
3490,30,0,224
3491,34,0,220
3492,255,255,255
3493,34,0,220
3494,255,255,255
3495,255,255,255
3496,255,255,255
3497,255,255,255
3498,255,255,255
3499,255,255,255
3500,255,255,255
3501,255,255,255
3502,255,255,255
3503,255,255,255
3504,255,255,255
3505,255,255,255
3506,255,255,255
3507,255,255,255
3508,255,255,255
3509,255,255,255
3510,255,255,255
3511,255,255,255
3512,255,255,255
3513,255,255,255
3514,255,255,255
3515,255,255,255
3516,255,255,255
3517,255,255,255
3518,255,255,255
3519,255,255,255
3520,255,255,255
3521,255,255,255
3522,255,255,255
3523,255,255,255
3524,255,255,255
3525,255,255,255
3526,255,255,255
3527,255,255,255
3528,255,255,255
3529,255,255,255
3530,255,255,255
3531,255,255,255
3532,255,255,255
3533,255,255,255
3534,255,255,255
3535,255,255,255
3536,255,255,255
3537,255,255,255
3538,255,255,255
3539,255,255,255
3540,255,255,255
3541,255,255,255
3542,255,255,255
3543,255,255,255
3544,255,255,255
3545,255,255,255
3546,255,255,255
3547,255,255,255
3548,255,255,255
3549,255,255,255
3550,255,255,255
3551,255,255,255
3552,255,255,255
3553,255,255,255
3554,255,255,255
3555,255,255,255
3556,255,255,255
3557,255,255,255
3558,255,255,255
3559,255,255,255
3560,255,255,255
3561,255,255,255
3562,255,255,255
3563,255,255,255
3564,255,255,255
3565,255,255,255
3566,255,255,255
3567,255,255,255
3568,255,255,255
3569,255,255,255
3570,255,255,255
3571,255,255,255
3572,255,255,255
3573,255,255,255
3574,255,255,255
3575,255,255,255
3576,255,255,255
3577,255,255,255
3578,255,255,255
3579,255,255,255
3580,255,255,255
3581,255,255,255
3582,255,255,255
3583,255,255,255
3584,255,255,255
3585,255,255,255
3586,255,255,255
3587,255,255,255
3588,255,255,255
3589,255,255,255
3590,255,255,255
3591,255,255,255
3592,255,255,255
3593,255,255,255
3594,255,255,255
3595,255,255,255
3596,255,255,255
3597,255,255,255
3598,255,255,255
3599,255,255,255
3600,255,255,255
3601,255,255,255
3602,255,255,255
3603,255,255,255
3604,255,255,255
3605,255,255,255
3606,255,255,255
3607,255,255,255
3608,255,255,255
3609,255,255,255
3610,255,255,255
3611,255,255,255
3612,255,255,255
3613,255,255,255
3614,255,255,255
3615,255,255,255
3616,255,255,255
3617,255,255,255
3618,255,255,255
3619,255,255,255
3620,255,255,255
3621,255,255,255
3622,255,255,255
3623,255,255,255
3624,255,255,255
3625,255,255,255
3626,255,255,255
3627,255,255,255
3628,255,255,255
3629,255,255,255
3630,255,255,255
3631,255,255,255
3632,255,255,255
3633,255,255,255
3634,255,255,255
3635,255,255,255
3636,255,255,255
3637,255,255,255
3638,255,255,255
3639,255,255,255
3640,255,255,255
3641,255,255,255
3642,255,255,255
3643,255,255,255
3644,255,255,255
3645,255,255,255
3646,255,255,255
3647,255,255,255
3648,255,255,255
3649,255,255,255
3650,255,255,255
3651,255,255,255
3652,255,255,255
3653,255,255,255
3654,255,255,255
3655,255,255,255
3656,255,255,255
3657,255,255,255
3658,255,255,255
3659,255,255,255
3660,255,255,255
3661,255,255,255
3662,255,255,255
3663,255,255,255
3664,255,255,255
3665,255,255,255
3666,255,255,255
3667,255,255,255
3668,255,255,255
3669,255,255,255
3670,255,255,255
3671,255,255,255
3672,255,255,255
3673,255,255,255
3674,255,255,255
3675,255,255,255
3676,255,255,255
3677,255,255,255
3678,255,255,255
3679,255,255,255
3680,255,255,255
3681,255,255,255
3682,255,255,255
3683,255,255,255
3684,255,255,255
3685,255,255,255
3686,255,255,255
3687,255,255,255
3688,255,255,255
3689,255,255,255
3690,255,255,255
3691,255,255,255
3692,255,255,255
3693,255,255,255
3694,255,255,255
3695,255,255,255
3696,255,255,255
3697,255,255,255
3698,255,255,255
3699,255,255,255
3700,255,255,255
3701,255,255,255
3702,255,255,255
3703,255,255,255
3704,255,255,255
3705,255,255,255
3706,255,255,255
3707,255,255,255
3708,255,255,255
3709,255,255,255
3710,255,255,255
3711,255,255,255
3712,255,255,255
3713,255,255,255
3714,255,255,255
3715,255,255,255
3716,255,255,255
3717,255,255,255
3718,255,255,255
3719,255,255,255
3720,255,255,255
3721,255,255,255
3722,255,255,255
3723,255,255,255
3724,255,255,255
3725,255,255,255
3726,255,255,255
3727,255,255,255
3728,255,255,255
3729,255,255,255
3730,255,255,255
3731,255,255,255
3732,255,255,255
3733,255,255,255
3734,255,255,255
3735,255,255,255
3736,255,255,255
3737,255,255,255
3738,255,255,255
3739,255,255,255
3740,255,255,255
3741,255,255,255
3742,255,255,255
3743,255,255,255
3744,255,255,255
3745,255,255,255
3746,255,255,255
3747,255,255,255
3748,255,255,255
3749,255,255,255
3750,255,255,255
3751,255,255,255
3752,255,255,255
3753,255,255,255
3754,255,255,255
3755,255,255,255
3756,255,255,255
3757,255,255,255
3758,255,255,255
3759,255,255,255
3760,255,255,255
3761,255,255,255
3762,255,255,255
3763,255,255,255
3764,255,255,255
3765,255,255,255
3766,255,255,255
3767,255,255,255
3768,255,255,255
3769,255,255,255
3770,255,255,255
3771,255,255,255
3772,255,255,255
3773,255,255,255
3774,255,255,255
3775,255,255,255
3776,255,255,255
3777,255,255,255
3778,255,255,255
3779,255,255,255
3780,255,255,255
3781,255,255,255
3782,255,255,255
3783,255,255,255
3784,255,255,255
3785,255,255,255
3786,255,255,255
3787,255,255,255
3788,255,255,255
3789,255,255,255
3790,255,255,255
3791,255,255,255
3792,255,255,255
3793,255,255,255
3794,255,255,255
3795,255,255,255
3796,255,255,255
3797,255,255,255
3798,255,255,255
3799,255,255,255
3800,255,255,255
3801,255,255,255
3802,255,255,255
3803,255,255,255
3804,255,255,255
3805,255,255,255
3806,255,255,255
3807,255,255,255
3808,255,255,255
3809,255,255,255
3810,255,255,255
3811,255,255,255
3812,255,255,255
3813,255,255,255
3814,255,255,255
3815,255,255,255
3816,255,255,255
3817,255,255,255
3818,255,255,255
3819,255,255,255
3820,255,255,255
3821,255,255,255
3822,255,255,255
3823,255,255,255
3824,255,255,255
3825,255,255,255
3826,255,255,255
3827,255,255,255
3828,255,255,255
3829,255,255,255
3830,255,255,255
3831,255,255,255
3832,255,255,255
3833,255,255,255
3834,255,255,255
3835,255,255,255
3836,255,255,255
3837,255,255,255
3838,255,255,255
3839,255,255,255
3840,255,255,255
3841,255,255,255
3842,255,255,255
3843,255,255,255
3844,255,255,255
3845,255,255,255
3846,255,255,255
3847,255,255,255
3848,255,255,255
3849,255,255,255
3850,255,255,255
3851,255,255,255
3852,255,255,255
3853,255,255,255
3854,255,255,255
3855,255,255,255
3856,255,255,255
3857,255,255,255
3858,255,255,255
3859,255,255,255
3860,255,255,255
3861,255,255,255
3862,255,255,255
3863,255,255,255
3864,255,255,255
3865,255,255,255
3866,255,255,255
3867,255,255,255
3868,255,255,255
3869,255,255,255
3870,255,255,255
3871,255,255,255
3872,255,255,255
3873,255,255,255
3874,255,255,255
3875,255,255,255
3876,255,255,255
3877,255,255,255
3878,255,255,255
3879,255,255,255
3880,255,255,255
3881,255,255,255
3882,255,255,255
3883,255,255,255
3884,255,255,255
3885,255,255,255
3886,255,255,255
3887,255,255,255
3888,255,255,255
3889,255,255,255
3890,255,255,255
3891,255,255,255
3892,255,255,255
3893,255,255,255
3894,255,255,255
3895,255,255,255
3896,255,255,255
3897,255,255,255
3898,255,255,255
3899,255,255,255
3900,255,255,255
3901,255,255,255
3902,255,255,255
3903,255,255,255
3904,255,255,255
3905,255,255,255
3906,255,255,255
3907,255,255,255
3908,255,255,255
3909,255,255,255
3910,255,255,255
3911,255,255,255
3912,255,255,255
3913,255,255,255
3914,255,255,255
3915,255,255,255
3916,255,255,255
3917,255,255,255
3918,255,255,255
3919,255,255,255
3920,255,255,255
3921,255,255,255
3922,255,255,255
3923,255,255,255
3924,255,255,255
3925,255,255,255
3926,255,255,255
3927,255,255,255
3928,255,255,255
3929,255,255,255
3930,255,255,255
3931,255,255,255
3932,255,255,255
3933,255,255,255
3934,255,255,255
3935,255,255,255
3936,255,255,255
3937,255,255,255
3938,255,255,255
3939,255,255,255
3940,255,255,255
3941,255,255,255
3942,255,255,255
3943,255,255,255
3944,255,255,255
3945,255,255,255
3946,255,255,255
3947,255,255,255
3948,255,255,255
3949,255,255,255
3950,255,255,255
3951,255,255,255
3952,255,255,255
3953,255,255,255
3954,255,255,255
3955,255,255,255
3956,255,255,255
3957,255,255,255
3958,255,255,255
3959,255,255,255
3960,255,255,255
3961,255,255,255
3962,255,255,255
3963,255,255,255
3964,255,255,255
3965,255,255,255
3966,255,255,255
3967,255,255,255
3968,255,255,255
3969,255,255,255
3970,255,255,255
3971,255,255,255
3972,255,255,255
3973,255,255,255
3974,255,255,255
3975,255,255,255
3976,255,255,255
3977,255,255,255
3978,255,255,255
3979,255,255,255
3980,255,255,255
3981,255,255,255
3982,255,255,255
3983,255,255,255
3984,255,255,255
3985,255,255,255
3986,255,255,255
3987,255,255,255
3988,255,255,255
3989,255,255,255
3990,255,255,255
3991,255,255,255
3992,255,255,255
3993,255,255,255
3994,255,255,255
3995,255,255,255
3996,255,255,255
3997,255,255,255
3998,255,255,255
3999,255,255,255
4000,255,255,255
4001,255,255,255
4002,255,255,255
4003,255,255,255
4004,255,255,255
4005,255,255,255
4006,255,255,255
4007,255,255,255
4008,255,255,255
4009,255,255,255
4010,255,255,255
4011,255,255,255
4012,255,255,255
4013,255,255,255
4014,255,255,255
4015,255,255,255
4016,255,255,255
4017,255,255,255
4018,255,255,255
4019,255,255,255
4020,255,255,255
4021,255,255,255
4022,255,255,255
4023,255,255,255
4024,255,255,255
4025,255,255,255
4026,255,255,255
4027,255,255,255
4028,255,255,255
4029,255,255,255
4030,255,255,255
4031,255,255,255
4032,255,255,255
4033,255,255,255
4034,255,255,255
4035,255,255,255
4036,255,255,255
4037,255,255,255
4038,255,255,255
4039,255,255,255
4040,255,255,255
4041,255,255,255
4042,255,255,255
4043,255,255,255
4044,255,255,255
4045,255,255,255
4046,255,255,255
4047,255,255,255
4048,255,255,255
4049,255,255,255
4050,255,255,255
4051,255,255,255
4052,255,255,255
4053,255,255,255
4054,255,255,255
4055,255,255,255
4056,255,255,255
4057,255,255,255
4058,255,255,255
4059,255,255,255
4060,255,255,255
4061,255,255,255
4062,255,255,255
4063,255,255,255
4064,255,255,255
4065,255,255,255
4066,255,255,255
4067,255,255,255
4068,255,255,255
4069,255,255,255
4070,255,255,255
4071,255,255,255
4072,255,255,255
4073,255,255,255
4074,255,255,255
4075,255,255,255
4076,255,255,255
4077,255,255,255
4078,255,255,255
4079,255,255,255
4080,255,255,255
4081,255,255,255
4082,255,255,255
4083,255,255,255
4084,255,255,255
4085,255,255,255
4086,255,255,255
4087,255,255,255
4088,255,255,255
4089,255,255,255
4090,255,255,255
4091,255,255,255
4092,255,255,255
4093,255,255,255
4094,255,255,255
4095,255,255,255
4096,255,255,255
4097,255,255,255
4098,255,255,255
4099,255,255,255
4100,255,255,255
4101,255,255,255
4102,255,255,255
4103,255,255,255
4104,255,255,255
4105,255,255,255
4106,255,255,255
4107,255,255,255
4108,255,255,255
4109,255,255,255
4110,255,255,255
4111,255,255,255
4112,255,255,255
4113,255,255,255
4114,255,255,255
4115,255,255,255
4116,255,255,255
4117,255,255,255
4118,255,255,255
4119,255,255,255
4120,255,255,255
4121,255,255,255
4122,255,255,255
4123,255,255,255
4124,255,255,255
4125,255,255,255
4126,255,255,255
4127,255,255,255
4128,255,255,255
4129,255,255,255
4130,255,255,255
4131,255,255,255
4132,255,255,255
4133,255,255,255
4134,255,255,255
4135,255,255,255
4136,255,255,255
4137,255,255,255
4138,255,255,255
4139,255,255,255
4140,255,255,255
4141,255,255,255
4142,255,255,255
4143,255,255,255
4144,255,255,255
4145,255,255,255
4146,255,255,255
4147,255,255,255
4148,255,255,255
4149,255,255,255
4150,255,255,255
4151,255,255,255
4152,255,255,255
4153,255,255,255
4154,255,255,255
4155,255,255,255
4156,255,255,255
4157,255,255,255
4158,255,255,255
4159,255,255,255
4160,255,255,255
4161,255,255,255
4162,255,255,255
4163,255,255,255
4164,255,255,255
4165,255,255,255
4166,255,255,255
4167,255,255,255
4168,255,255,255
4169,255,255,255
4170,255,255,255
4171,255,255,255
4172,255,255,255
4173,255,255,255
4174,255,255,255
4175,255,255,255
4176,255,255,255
4177,255,255,255
4178,255,255,255
4179,255,255,255
4180,255,255,255
4181,255,255,255
4182,255,255,255
4183,255,255,255
4184,255,255,255
4185,255,255,255
4186,255,255,255
4187,255,255,255
4188,255,255,255
4189,255,255,255
4190,255,255,255
4191,255,255,255
4192,255,255,255
4193,255,255,255
4194,255,255,255
4195,255,255,255
4196,255,255,255
4197,255,255,255
4198,255,255,255
4199,255,255,255
4200,255,255,255
4201,255,255,255
4202,255,255,255
4203,255,255,255
4204,255,255,255
4205,255,255,255
4206,255,255,255
4207,255,255,255
4208,255,255,255
4209,255,255,255
4210,255,255,255
4211,255,255,255
4212,255,255,255
4213,255,255,255
4214,255,255,255
4215,255,255,255
4216,255,255,255
4217,255,255,255
4218,255,255,255
4219,255,255,255
4220,255,255,255
4221,255,255,255
4222,255,255,255
4223,255,255,255
4224,255,255,255
4225,255,255,255
4226,255,255,255
4227,255,255,255
4228,255,255,255
4229,255,255,255
4230,255,255,255
4231,255,255,255
4232,255,255,255
4233,255,255,255
4234,255,255,255
4235,255,255,255
4236,255,255,255
4237,255,255,255
4238,255,255,255
4239,255,255,255
4240,255,255,255
4241,255,255,255
4242,255,255,255
4243,255,255,255
4244,255,255,255
4245,255,255,255
4246,255,255,255
4247,255,255,255
4248,255,255,255
4249,255,255,255
4250,255,255,255
4251,255,255,255
4252,255,255,255
4253,255,255,255
4254,255,255,255
4255,255,255,255
4256,255,255,255
4257,255,255,255
4258,255,255,255
4259,255,255,255
4260,255,255,255
4261,255,255,255
4262,255,255,255
4263,255,255,255
4264,255,255,255
4265,255,255,255
4266,255,255,255
4267,255,255,255
4268,255,255,255
4269,255,255,255
4270,255,255,255
4271,255,255,255
4272,255,255,255
4273,255,255,255
4274,255,255,255
4275,255,255,255
4276,255,255,255
4277,255,255,255
4278,255,255,255
4279,255,255,255
4280,255,255,255
4281,255,255,255
4282,255,255,255
4283,255,255,255
4284,255,255,255
4285,255,255,255
4286,255,255,255
4287,255,255,255
4288,255,255,255
4289,255,255,255
4290,255,255,255
4291,255,255,255
4292,255,255,255
4293,255,255,255
4294,255,255,255
4295,255,255,255
4296,255,255,255
4297,255,255,255
4298,255,255,255
4299,255,255,255
4300,255,255,255
4301,255,255,255
4302,255,255,255
4303,255,255,255
4304,255,255,255
4305,255,255,255
4306,255,255,255
4307,255,255,255
4308,255,255,255
4309,255,255,255
4310,255,255,255
4311,255,255,255
4312,255,255,255
4313,255,255,255
4314,255,255,255
4315,255,255,255
4316,255,255,255
4317,255,255,255
4318,255,255,255
4319,255,255,255
4320,255,255,255
4321,255,255,255
4322,255,255,255
4323,255,255,255
4324,255,255,255
4325,255,255,255
4326,255,255,255
4327,255,255,255
4328,255,255,255
4329,255,255,255
4330,255,255,255
4331,255,255,255
4332,255,255,255
4333,255,255,255
4334,255,255,255
4335,255,255,255
4336,255,255,255
4337,255,255,255
4338,255,255,255
4339,255,255,255
4340,255,255,255
4341,255,255,255
4342,255,255,255
4343,255,255,255
4344,255,255,255
4345,255,255,255
4346,255,255,255
4347,255,255,255
4348,255,255,255
4349,255,255,255
4350,255,255,255
4351,255,255,255
4352,255,255,255
4353,255,255,255
4354,255,255,255
4355,255,255,255
4356,255,255,255
4357,255,255,255
4358,255,255,255
4359,255,255,255
4360,255,255,255
4361,255,255,255
4362,255,255,255
4363,255,255,255
4364,255,255,255
4365,255,255,255
4366,255,255,255
4367,255,255,255
4368,255,255,255
4369,255,255,255
4370,255,255,255
4371,255,255,255
4372,255,255,255
4373,255,255,255
4374,255,255,255
4375,255,255,255
4376,255,255,255
4377,255,255,255
4378,255,255,255
4379,255,255,255
4380,255,255,255
4381,255,255,255
4382,255,255,255
4383,255,255,255
4384,255,255,255
4385,255,255,255
4386,255,255,255
4387,255,255,255
4388,255,255,255
4389,255,255,255
4390,255,255,255
4391,255,255,255
4392,255,255,255
4393,255,255,255
4394,255,255,255
4395,255,255,255
4396,255,255,255
4397,255,255,255
4398,255,255,255
4399,255,255,255
4400,255,255,255
4401,255,255,255
4402,255,255,255
4403,255,255,255
4404,255,255,255
4405,255,255,255
4406,255,255,255
4407,255,255,255
4408,255,255,255
4409,255,255,255
4410,255,255,255
4411,255,255,255
4412,255,255,255
4413,255,255,255
4414,255,255,255
4415,255,255,255
4416,255,255,255
4417,255,255,255
4418,255,255,255
4419,255,255,255
4420,255,255,255
4421,255,255,255
4422,255,255,255
4423,255,255,255
4424,255,255,255
4425,255,255,255
4426,255,255,255
4427,255,255,255
4428,255,255,255
4429,255,255,255
4430,255,255,255
4431,255,255,255
4432,255,255,255
4433,255,255,255
4434,255,255,255
4435,255,255,255
4436,255,255,255
4437,255,255,255
4438,255,255,255
4439,255,255,255
4440,255,255,255
4441,255,255,255
4442,255,255,255
4443,255,255,255
4444,255,255,255
4445,255,255,255
4446,255,255,255
4447,255,255,255
4448,255,255,255
4449,255,255,255
4450,255,255,255
4451,255,255,255
4452,255,255,255
4453,255,255,255
4454,255,255,255
4455,255,255,255
4456,255,255,255
4457,255,255,255
4458,255,255,255
4459,255,255,255
4460,255,255,255
4461,255,255,255
4462,255,255,255
4463,255,255,255
4464,255,255,255
4465,255,255,255
4466,255,255,255
4467,255,255,255
4468,255,255,255
4469,255,255,255
4470,255,255,255
4471,255,255,255
4472,255,255,255
4473,255,255,255
4474,255,255,255
4475,255,255,255
4476,255,255,255
4477,255,255,255
4478,255,255,255
4479,255,255,255
4480,255,255,255
4481,255,255,255
4482,255,255,255
4483,255,255,255
4484,255,255,255
4485,255,255,255
4486,255,255,255
4487,255,255,255
4488,255,255,255
4489,255,255,255
4490,255,255,255
4491,255,255,255
4492,255,255,255
4493,255,255,255
4494,255,255,255
4495,255,255,255
4496,255,255,255
4497,255,255,255
4498,255,255,255
4499,255,255,255
4500,255,255,255
4501,255,255,255
4502,255,255,255
4503,255,255,255
4504,255,255,255
4505,255,255,255
4506,255,255,255
4507,255,255,255
4508,255,255,255
4509,255,255,255
4510,255,255,255
4511,255,255,255
4512,255,255,255
4513,255,255,255
4514,255,255,255
4515,255,255,255
4516,255,255,255
4517,255,255,255
4518,255,255,255
4519,255,255,255
4520,255,255,255
4521,255,255,255
4522,255,255,255
4523,255,255,255
4524,255,255,255
4525,255,255,255
4526,255,255,255
4527,255,255,255
4528,255,255,255
4529,255,255,255
4530,255,255,255
4531,255,255,255
4532,255,255,255
4533,255,255,255
4534,255,255,255
4535,255,255,255
4536,255,255,255
4537,255,255,255
4538,255,255,255
4539,255,255,255
4540,255,255,255
4541,255,255,255
4542,255,255,255
4543,255,255,255
4544,255,255,255
4545,255,255,255
4546,255,255,255
4547,255,255,255
4548,255,255,255
4549,255,255,255
4550,255,255,255
4551,255,255,255
4552,255,255,255
4553,255,255,255
4554,255,255,255
4555,255,255,255
4556,255,255,255
4557,255,255,255
4558,255,255,255
4559,255,255,255
4560,255,255,255
4561,255,255,255
4562,255,255,255
4563,255,255,255
4564,255,255,255
4565,255,255,255
4566,255,255,255
4567,255,255,255
4568,255,255,255
4569,255,255,255
4570,255,255,255
4571,255,255,255
4572,255,255,255
4573,255,255,255
4574,255,255,255
4575,255,255,255
4576,255,255,255
4577,255,255,255
4578,255,255,255
4579,255,255,255
4580,255,255,255
4581,255,255,255
4582,255,255,255
4583,255,255,255
4584,255,255,255
4585,255,255,255
4586,255,255,255
4587,255,255,255
4588,255,255,255
4589,255,255,255
4590,255,255,255
4591,255,255,255
4592,255,255,255
4593,255,255,255
4594,255,255,255
4595,255,255,255
4596,255,255,255
4597,255,255,255
4598,255,255,255
4599,255,255,255
4600,255,255,255
4601,255,255,255
4602,255,255,255
4603,255,255,255
4604,255,255,255
4605,255,255,255
4606,255,255,255
4607,255,255,255
4608,255,255,255
4609,255,255,255
4610,255,255,255
4611,255,255,255
4612,255,255,255
4613,255,255,255
4614,255,255,255
4615,255,255,255
4616,255,255,255
4617,255,255,255
4618,255,255,255
4619,255,255,255
4620,255,255,255
4621,255,255,255
4622,255,255,255
4623,255,255,255
4624,255,255,255
4625,255,255,255
4626,255,255,255
4627,255,255,255
4628,255,255,255
4629,255,255,255
4630,255,255,255
4631,255,255,255
4632,255,255,255
4633,255,255,255
4634,255,255,255
4635,255,255,255
4636,255,255,255
4637,255,255,255
4638,255,255,255
4639,255,255,255
4640,255,255,255
4641,255,255,255
4642,255,255,255
4643,255,255,255
4644,255,255,255
4645,255,255,255
4646,255,255,255
4647,255,255,255
4648,255,255,255
4649,255,255,255
4650,255,255,255
4651,255,255,255
4652,255,255,255
4653,255,255,255
4654,255,255,255
4655,255,255,255
4656,255,255,255
4657,255,255,255
4658,255,255,255
4659,255,255,255
4660,255,255,255
4661,255,255,255
4662,255,255,255
4663,255,255,255
4664,255,255,255
4665,255,255,255
4666,255,255,255
4667,255,255,255
4668,255,255,255
4669,255,255,255
4670,255,255,255
4671,255,255,255
4672,255,255,255
4673,255,255,255
4674,255,255,255
4675,255,255,255
4676,255,255,255
4677,255,255,255
4678,255,255,255
4679,255,255,255
4680,255,255,255
4681,255,255,255
4682,255,255,255
4683,255,255,255
4684,255,255,255
4685,255,255,255
4686,255,255,255
4687,255,255,255
4688,255,255,255
4689,255,255,255
4690,255,255,255
4691,255,255,255
4692,255,255,255
4693,255,255,255
4694,255,255,255
4695,255,255,255
4696,255,255,255
4697,255,255,255
4698,255,255,255
4699,255,255,255
4700,255,255,255
4701,255,255,255
4702,255,255,255
4703,255,255,255
4704,255,255,255
4705,255,255,255
4706,255,255,255
4707,255,255,255
4708,255,255,255
4709,255,255,255
4710,255,255,255
4711,255,255,255
4712,255,255,255
4713,255,255,255
4714,255,255,255
4715,255,255,255
4716,255,255,255
4717,255,255,255
4718,255,255,255
4719,255,255,255
4720,255,255,255
4721,255,255,255
4722,255,255,255
4723,255,255,255
4724,255,255,255
4725,255,255,255
4726,255,255,255
4727,255,255,255
4728,255,255,255
4729,255,255,255
4730,255,255,255
4731,255,255,255
4732,255,255,255
4733,255,255,255
4734,255,255,255
4735,255,255,255
4736,255,255,255
4737,255,255,255
4738,255,255,255
4739,255,255,255
4740,255,255,255
4741,255,255,255
4742,255,255,255
4743,255,255,255
4744,255,255,255
4745,255,255,255
4746,255,255,255
4747,255,255,255
4748,255,255,255
4749,255,255,255
4750,255,255,255
4751,255,255,255
4752,255,255,255
4753,255,255,255
4754,255,255,255
4755,255,255,255
4756,255,255,255
4757,255,255,255
4758,255,255,255
4759,255,255,255
4760,255,255,255
4761,255,255,255
4762,255,255,255
4763,255,255,255
4764,255,255,255
4765,255,255,255
4766,255,255,255
4767,255,255,255
4768,255,255,255
4769,255,255,255
4770,255,255,255
4771,255,255,255
4772,255,255,255
4773,255,255,255
4774,255,255,255
4775,255,255,255
4776,255,255,255
4777,255,255,255
4778,255,255,255
4779,255,255,255
4780,255,255,255
4781,255,255,255
4782,255,255,255
4783,255,255,255
4784,255,255,255
4785,255,255,255
4786,255,255,255
4787,255,255,255
4788,255,255,255
4789,255,255,255
4790,255,255,255
4791,255,255,255
4792,255,255,255
4793,255,255,255
4794,255,255,255
4795,255,255,255
4796,255,255,255
4797,255,255,255
4798,255,255,255
4799,255,255,255
4800,255,255,255
4801,255,255,255
4802,255,255,255
4803,255,255,255
4804,255,255,255
4805,255,255,255
4806,255,255,255
4807,255,255,255
4808,255,255,255
4809,255,255,255
4810,255,255,255
4811,255,255,255
4812,255,255,255
4813,255,255,255
4814,255,255,255
4815,255,255,255
4816,255,255,255
4817,255,255,255
4818,255,255,255
4819,255,255,255
4820,255,255,255
4821,255,255,255
4822,255,255,255
4823,255,255,255
4824,255,255,255
4825,255,255,255
4826,255,255,255
4827,255,255,255
4828,255,255,255
4829,255,255,255
4830,255,255,255
4831,255,255,255
4832,255,255,255
4833,255,255,255
4834,255,255,255
4835,255,255,255
4836,255,255,255
4837,255,255,255
4838,255,255,255
4839,255,255,255
4840,255,255,255
4841,255,255,255
4842,255,255,255
4843,255,255,255
4844,255,255,255
4845,255,255,255
4846,255,255,255
4847,255,255,255
4848,255,255,255
4849,255,255,255
4850,255,255,255
4851,255,255,255
4852,255,255,255
4853,255,255,255
4854,255,255,255
4855,255,255,255
4856,255,255,255
4857,255,255,255
4858,255,255,255
4859,255,255,255
4860,255,255,255
4861,255,255,255
4862,255,255,255
4863,255,255,255
4864,255,255,255
4865,255,255,255
4866,255,255,255
4867,255,255,255
4868,255,255,255
4869,255,255,255
4870,255,255,255
4871,255,255,255
4872,255,255,255
4873,255,255,255
4874,255,255,255
4875,255,255,255
4876,255,255,255
4877,255,255,255
4878,255,255,255
4879,255,255,255
4880,255,255,255
4881,255,255,255
4882,255,255,255
4883,255,255,255
4884,255,255,255
4885,255,255,255
4886,255,255,255
4887,255,255,255
4888,255,255,255
4889,255,255,255
4890,255,255,255
4891,255,255,255
4892,255,255,255
4893,255,255,255
4894,255,255,255
4895,255,255,255
4896,255,255,255
4897,255,255,255
4898,255,255,255
4899,255,255,255
4900,255,255,255
4901,255,255,255
4902,255,255,255
4903,255,255,255
4904,255,255,255
4905,255,255,255
4906,255,255,255
4907,255,255,255
4908,255,255,255
4909,255,255,255
4910,255,255,255
4911,255,255,255
4912,255,255,255
4913,255,255,255
4914,255,255,255
4915,255,255,255
4916,255,255,255
4917,255,255,255
4918,255,255,255
4919,255,255,255
4920,255,255,255
4921,255,255,255
4922,255,255,255
4923,255,255,255
4924,255,255,255
4925,255,255,255
4926,255,255,255
4927,255,255,255
4928,255,255,255
4929,255,255,255
4930,255,255,255
4931,255,255,255
4932,255,255,255
4933,255,255,255
4934,255,255,255
4935,255,255,255
4936,255,255,255
4937,255,255,255
4938,255,255,255
4939,255,255,255
4940,255,255,255
4941,255,255,255
4942,255,255,255
4943,255,255,255
4944,255,255,255
4945,255,255,255
4946,255,255,255
4947,255,255,255
4948,255,255,255
4949,255,255,255
4950,255,255,255
4951,255,255,255
4952,255,255,255
4953,255,255,255
4954,255,255,255
4955,255,255,255
4956,255,255,255
4957,255,255,255
4958,255,255,255
4959,255,255,255
4960,255,255,255
4961,255,255,255
4962,255,255,255
4963,255,255,255
4964,255,255,255
4965,255,255,255
4966,255,255,255
4967,255,255,255
4968,255,255,255
4969,255,255,255
4970,255,255,255
4971,255,255,255
4972,255,255,255
4973,255,255,255
4974,255,255,255
4975,255,255,255
4976,255,255,255
4977,255,255,255
4978,255,255,255
4979,255,255,255
4980,255,255,255
4981,255,255,255
4982,255,255,255
4983,255,255,255
4984,255,255,255
4985,255,255,255
4986,255,255,255
4987,255,255,255
4988,255,255,255
4989,255,255,255
4990,255,255,255
4991,255,255,255
4992,255,255,255
4993,255,255,255
4994,255,255,255
4995,255,255,255
4996,255,255,255
4997,255,255,255
4998,255,255,255
4999,255,255,255
5000,255,255,255
5001,255,255,255
5002,255,255,255
5003,255,255,255
5004,255,255,255
5005,255,255,255
5006,255,255,255
5007,255,255,255
5008,255,255,255
5009,255,255,255
5010,255,255,255
5011,255,255,255
5012,255,255,255
5013,255,255,255
5014,255,255,255
5015,255,255,255
5016,255,255,255
5017,255,255,255
5018,255,255,255
5019,255,255,255
5020,255,255,255
5021,255,255,255
5022,255,255,255
5023,255,255,255
5024,255,255,255
5025,255,255,255
5026,255,255,255
5027,255,255,255
5028,255,255,255
5029,255,255,255
5030,255,255,255
5031,255,255,255
5032,255,255,255
5033,255,255,255
5034,255,255,255
5035,255,255,255
5036,255,255,255
5037,255,255,255
5038,255,255,255
5039,255,255,255
5040,255,255,255
5041,255,255,255
5042,255,255,255
5043,255,255,255
5044,255,255,255
5045,255,255,255
5046,255,255,255
5047,255,255,255
5048,255,255,255
5049,255,255,255
5050,255,255,255
5051,255,255,255
5052,255,255,255
5053,255,255,255
5054,255,255,255
5055,255,255,255
5056,255,255,255
5057,255,255,255
5058,255,255,255
5059,255,255,255
5060,255,255,255
5061,255,255,255
5062,255,255,255
5063,255,255,255
5064,255,255,255
5065,255,255,255
5066,255,255,255
5067,255,255,255
5068,255,255,255
5069,255,255,255
5070,255,255,255
5071,255,255,255
5072,255,255,255
5073,255,255,255
5074,255,255,255
5075,255,255,255
5076,255,255,255
5077,255,255,255
5078,255,255,255
5079,255,255,255
5080,255,255,255
5081,255,255,255
5082,255,255,255
5083,255,255,255
5084,255,255,255
5085,255,255,255
5086,255,255,255
5087,255,255,255
5088,255,255,255
5089,255,255,255
5090,255,255,255
5091,255,255,255
5092,255,255,255
5093,255,255,255
5094,255,255,255
5095,255,255,255
5096,255,255,255
5097,255,255,255
5098,255,255,255
5099,255,255,255
5100,255,255,255
5101,255,255,255
5102,255,255,255
5103,255,255,255
5104,255,255,255
5105,255,255,255
5106,255,255,255
5107,255,255,255
5108,255,255,255
5109,255,255,255
5110,255,255,255
5111,255,255,255
5112,255,255,255
5113,255,255,255
5114,255,255,255
5115,255,255,255
5116,255,255,255
5117,255,255,255
5118,255,255,255
5119,255,255,255
5120,255,255,255
5121,255,255,255
5122,255,255,255
5123,255,255,255
5124,255,255,255
5125,255,255,255
5126,255,255,255
5127,255,255,255
5128,255,255,255
5129,255,255,255
5130,255,255,255
5131,255,255,255
5132,255,255,255
5133,255,255,255
5134,255,255,255
5135,255,255,255
5136,255,255,255
5137,255,255,255
5138,255,255,255
5139,255,255,255
5140,255,255,255
5141,255,255,255
5142,255,255,255
5143,255,255,255
5144,255,255,255
5145,255,255,255
5146,255,255,255
5147,255,255,255
5148,255,255,255
5149,255,255,255
5150,255,255,255
5151,255,255,255
5152,255,255,255
5153,255,255,255
5154,255,255,255
5155,255,255,255
5156,255,255,255
5157,255,255,255
5158,255,255,255
5159,255,255,255
5160,255,255,255
5161,255,255,255
5162,255,255,255
5163,255,255,255
5164,255,255,255
5165,255,255,255
5166,255,255,255
5167,255,255,255
5168,255,255,255
5169,255,255,255
5170,255,255,255
5171,255,255,255
5172,255,255,255
5173,255,255,255
5174,255,255,255
5175,255,255,255
5176,255,255,255
5177,255,255,255
5178,255,255,255
5179,255,255,255
5180,255,255,255
5181,255,255,255
5182,255,255,255
5183,255,255,255
5184,255,255,255
5185,255,255,255
5186,255,255,255
5187,255,255,255
5188,255,255,255
5189,255,255,255
5190,255,255,255
5191,255,255,255
5192,255,255,255
5193,255,255,255
5194,255,255,255
5195,255,255,255
5196,255,255,255
5197,255,255,255
5198,255,255,255
5199,255,255,255
5200,255,255,255
5201,255,255,255
5202,255,255,255
5203,255,255,255
5204,255,255,255
5205,255,255,255
5206,255,255,255
5207,255,255,255
5208,255,255,255
5209,255,255,255
5210,255,255,255
5211,255,255,255
5212,255,255,255
5213,255,255,255
5214,255,255,255
5215,255,255,255
5216,255,255,255
5217,255,255,255
5218,255,255,255
5219,255,255,255
5220,255,255,255
5221,255,255,255
5222,255,255,255
5223,255,255,255
5224,255,255,255
5225,255,255,255
5226,255,255,255
5227,255,255,255
5228,255,255,255
5229,255,255,255
5230,255,255,255
5231,255,255,255
5232,255,255,255
5233,255,255,255
5234,255,255,255
5235,255,255,255
5236,255,255,255
5237,255,255,255
5238,255,255,255
5239,255,255,255
5240,255,255,255
5241,255,255,255
5242,255,255,255
5243,255,255,255
5244,255,255,255
5245,255,255,255
5246,255,255,255
5247,255,255,255
5248,255,255,255
5249,255,255,255
5250,255,255,255
5251,255,255,255
5252,255,255,255
5253,255,255,255
5254,255,255,255
5255,255,255,255
5256,255,255,255
5257,255,255,255
5258,255,255,255
5259,255,255,255
5260,255,255,255
5261,255,255,255
5262,255,255,255
5263,255,255,255
5264,255,255,255
5265,255,255,255
5266,255,255,255
5267,255,255,255
5268,255,255,255
5269,255,255,255
5270,255,255,255
5271,255,255,255
5272,255,255,255
5273,255,255,255
5274,255,255,255
5275,255,255,255
5276,255,255,255
5277,255,255,255
5278,255,255,255
5279,255,255,255
5280,255,255,255
5281,255,255,255
5282,255,255,255
5283,255,255,255
5284,255,255,255
5285,255,255,255
5286,255,255,255
5287,255,255,255
5288,255,255,255
5289,255,255,255
5290,255,255,255
5291,255,255,255
5292,255,255,255
5293,255,255,255
5294,255,255,255
5295,255,255,255
5296,255,255,255
5297,255,255,255
5298,255,255,255
5299,255,255,255
5300,255,255,255
5301,255,255,255
5302,255,255,255
5303,255,255,255
5304,255,255,255
5305,255,255,255
5306,255,255,255
5307,255,255,255
5308,255,255,255
5309,255,255,255
5310,255,255,255
5311,255,255,255
5312,255,255,255
5313,255,255,255
5314,255,255,255
5315,255,255,255
5316,255,255,255
5317,255,255,255
5318,255,255,255
5319,255,255,255
5320,255,255,255
5321,255,255,255
5322,255,255,255
5323,255,255,255
5324,255,255,255
5325,255,255,255
5326,255,255,255
5327,255,255,255
5328,255,255,255
5329,255,255,255
5330,255,255,255
5331,255,255,255
5332,255,255,255
5333,255,255,255
5334,255,255,255
5335,255,255,255
5336,255,255,255
5337,255,255,255
5338,255,255,255
5339,255,255,255
5340,255,255,255
5341,255,255,255
5342,255,255,255
5343,255,255,255
5344,255,255,255
5345,255,255,255
5346,255,255,255
5347,255,255,255
5348,255,255,255
5349,255,255,255
5350,255,255,255
5351,255,255,255
5352,255,255,255
5353,255,255,255
5354,255,255,255
5355,255,255,255
5356,255,255,255
5357,255,255,255
5358,255,255,255
5359,255,255,255
5360,255,255,255
5361,255,255,255
5362,255,255,255
5363,255,255,255
5364,255,255,255
5365,255,255,255
5366,255,255,255
5367,255,255,255
5368,255,255,255
5369,255,255,255
5370,255,255,255
5371,255,255,255
5372,255,255,255
5373,255,255,255
5374,255,255,255
5375,255,255,255
5376,255,255,255
5377,255,255,255
5378,255,255,255
5379,255,255,255
5380,255,255,255
5381,255,255,255
5382,255,255,255
5383,255,255,255
5384,255,255,255
5385,255,255,255
5386,255,255,255
5387,255,255,255
5388,255,255,255
5389,255,255,255
5390,255,255,255
5391,255,255,255
5392,255,255,255
5393,255,255,255
5394,255,255,255
5395,255,255,255
5396,255,255,255
5397,255,255,255
5398,255,255,255
5399,255,255,255
5400,255,255,255
5401,255,255,255
5402,255,255,255
5403,255,255,255
5404,255,255,255
5405,255,255,255
5406,255,255,255
5407,255,255,255
5408,255,255,255
5409,255,255,255
5410,255,255,255
5411,255,255,255
5412,255,255,255
5413,255,255,255
5414,255,255,255
5415,255,255,255
5416,255,255,255
5417,255,255,255
5418,255,255,255
5419,255,255,255
5420,255,255,255
5421,255,255,255
5422,255,255,255
5423,255,255,255
5424,255,255,255
5425,255,255,255
5426,255,255,255
5427,255,255,255
5428,255,255,255
5429,255,255,255
5430,255,255,255
5431,255,255,255
5432,255,255,255
5433,255,255,255
5434,255,255,255
5435,255,255,255
5436,255,255,255
5437,255,255,255
5438,255,255,255
5439,255,255,255
5440,255,255,255
5441,255,255,255
5442,255,255,255
5443,255,255,255
5444,255,255,255
5445,255,255,255
5446,255,255,255
5447,255,255,255
5448,255,255,255
5449,255,255,255
5450,255,255,255
5451,255,255,255
5452,255,255,255
5453,255,255,255
5454,255,255,255
5455,255,255,255
5456,255,255,255
5457,255,255,255
5458,255,255,255
5459,255,255,255
5460,255,255,255
5461,255,255,255
5462,255,255,255
5463,255,255,255
5464,255,255,255
5465,255,255,255
5466,255,255,255
5467,255,255,255
5468,255,255,255
5469,255,255,255
5470,255,255,255
5471,255,255,255
5472,255,255,255
5473,255,255,255
5474,255,255,255
5475,255,255,255
5476,255,255,255
5477,255,255,255
5478,255,255,255
5479,255,255,255
5480,255,255,255
5481,255,255,255
5482,255,255,255
5483,255,255,255
5484,255,255,255
5485,255,255,255
5486,255,255,255
5487,255,255,255
5488,255,255,255
5489,255,255,255
5490,255,255,255
5491,255,255,255
5492,255,255,255
5493,255,255,255
5494,255,255,255
5495,255,255,255
5496,255,255,255
5497,255,255,255
5498,255,255,255
5499,255,255,255
5500,255,255,255
5501,255,255,255
5502,255,255,255
5503,255,255,255
5504,255,255,255
5505,255,255,255
5506,255,255,255
5507,255,255,255
5508,255,255,255
5509,255,255,255
5510,255,255,255
5511,255,255,255
5512,255,255,255
5513,255,255,255
5514,255,255,255
5515,255,255,255
5516,255,255,255
5517,255,255,255
5518,255,255,255
5519,255,255,255
5520,255,255,255
5521,255,255,255
5522,255,255,255
5523,255,255,255
5524,255,255,255
5525,255,255,255
5526,255,255,255
5527,255,255,255
5528,255,255,255
5529,255,255,255
5530,255,255,255
5531,255,255,255
5532,255,255,255
5533,255,255,255
5534,255,255,255
5535,255,255,255
5536,255,255,255
5537,255,255,255
5538,255,255,255
5539,255,255,255
5540,255,255,255
5541,255,255,255
5542,255,255,255
5543,255,255,255
5544,255,255,255
5545,255,255,255
5546,255,255,255
5547,255,255,255
5548,255,255,255
5549,255,255,255
5550,255,255,255
5551,255,255,255
5552,255,255,255
5553,255,255,255
5554,255,255,255
5555,255,255,255
5556,255,255,255
5557,255,255,255
5558,255,255,255
5559,255,255,255
5560,255,255,255
5561,255,255,255
5562,255,255,255
5563,255,255,255
5564,255,255,255
5565,255,255,255
5566,255,255,255
5567,255,255,255
5568,255,255,255
5569,255,255,255
5570,255,255,255
5571,255,255,255
5572,255,255,255
5573,255,255,255
5574,255,255,255
5575,255,255,255
5576,255,255,255
5577,255,255,255
5578,255,255,255
5579,255,255,255
5580,255,255,255
5581,255,255,255
5582,255,255,255
5583,255,255,255
5584,255,255,255
5585,255,255,255
5586,255,255,255
5587,255,255,255
5588,255,255,255
5589,255,255,255
5590,255,255,255
5591,255,255,255
5592,255,255,255
5593,255,255,255
5594,255,255,255
5595,255,255,255
5596,255,255,255
5597,255,255,255
5598,255,255,255
5599,255,255,255
5600,255,255,255
5601,255,255,255
5602,255,255,255
5603,255,255,255
5604,255,255,255
5605,255,255,255
5606,255,255,255
5607,255,255,255
5608,255,255,255
5609,255,255,255
5610,255,255,255
5611,255,255,255
5612,255,255,255
5613,255,255,255
5614,255,255,255
5615,255,255,255
5616,255,255,255
5617,255,255,255
5618,255,255,255
5619,255,255,255
5620,255,255,255
5621,255,255,255
5622,255,255,255
5623,255,255,255
5624,255,255,255
5625,255,255,255
5626,255,255,255
5627,255,255,255
5628,255,255,255
5629,255,255,255
5630,255,255,255
5631,255,255,255
5632,255,255,255
5633,255,255,255
5634,255,255,255
5635,255,255,255
5636,255,255,255
5637,255,255,255
5638,255,255,255
5639,255,255,255
5640,255,255,255
5641,255,255,255
5642,255,255,255
5643,255,255,255
5644,255,255,255
5645,255,255,255
5646,255,255,255
5647,255,255,255
5648,255,255,255
5649,255,255,255
5650,255,255,255
5651,255,255,255
5652,255,255,255
5653,255,255,255
5654,255,255,255
5655,255,255,255
5656,255,255,255
5657,255,255,255
5658,255,255,255
5659,255,255,255
5660,255,255,255
5661,255,255,255
5662,255,255,255
5663,255,255,255
5664,255,255,255
5665,255,255,255
5666,255,255,255
5667,255,255,255
5668,255,255,255
5669,255,255,255
5670,255,255,255
5671,255,255,255
5672,255,255,255
5673,255,255,255
5674,255,255,255
5675,255,255,255
5676,255,255,255
5677,255,255,255
5678,255,255,255
5679,255,255,255
5680,255,255,255
5681,255,255,255
5682,255,255,255
5683,255,255,255
5684,255,255,255
5685,255,255,255
5686,255,255,255
5687,255,255,255
5688,255,255,255
5689,255,255,255
5690,255,255,255
5691,255,255,255
5692,255,255,255
5693,255,255,255
5694,255,255,255
5695,255,255,255
5696,255,255,255
5697,255,255,255
5698,255,255,255
5699,255,255,255
5700,255,255,255
5701,255,255,255
5702,255,255,255
5703,255,255,255
5704,255,255,255
5705,255,255,255
5706,255,255,255
5707,255,255,255
5708,255,255,255
5709,255,255,255
5710,255,255,255
5711,255,255,255
5712,255,255,255
5713,255,255,255
5714,255,255,255
5715,255,255,255
5716,255,255,255
5717,255,255,255
5718,255,255,255
5719,255,255,255
5720,255,255,255
5721,255,255,255
5722,255,255,255
5723,255,255,255
5724,255,255,255
5725,255,255,255
5726,255,255,255
5727,255,255,255
5728,255,255,255
5729,255,255,255
5730,255,255,255
5731,255,255,255
5732,255,255,255
5733,255,255,255
5734,255,255,255
5735,255,255,255
5736,255,255,255
5737,255,255,255
5738,255,255,255
5739,255,255,255
5740,255,255,255
5741,255,255,255
5742,255,255,255
5743,255,255,255
5744,255,255,255
5745,255,255,255
5746,255,255,255
5747,255,255,255
5748,255,255,255
5749,255,255,255
5750,255,255,255
5751,255,255,255
5752,255,255,255
5753,255,255,255
5754,255,255,255
5755,255,255,255
5756,255,255,255
5757,255,255,255
5758,255,255,255
5759,255,255,255
5760,255,255,255
5761,255,255,255
5762,255,255,255
5763,255,255,255
5764,255,255,255
5765,255,255,255
5766,255,255,255
5767,255,255,255
5768,255,255,255
5769,255,255,255
5770,255,255,255
5771,255,255,255
5772,255,255,255
5773,255,255,255
5774,255,255,255
5775,255,255,255
5776,255,255,255
5777,255,255,255
5778,255,255,255
5779,255,255,255
5780,255,255,255
5781,255,255,255
5782,255,255,255
5783,255,255,255
5784,255,255,255
5785,255,255,255
5786,255,255,255
5787,255,255,255
5788,255,255,255
5789,255,255,255
5790,255,255,255
5791,255,255,255
5792,255,255,255
5793,255,255,255
5794,255,255,255
5795,255,255,255
5796,255,255,255
5797,255,255,255
5798,255,255,255
5799,255,255,255
5800,255,255,255
5801,255,255,255
5802,255,255,255
5803,255,255,255
5804,255,255,255
5805,255,255,255
5806,255,255,255
5807,255,255,255
5808,255,255,255
5809,255,255,255
5810,255,255,255
5811,255,255,255
5812,255,255,255
5813,255,255,255
5814,255,255,255
5815,255,255,255
5816,255,255,255
5817,255,255,255
5818,255,255,255
5819,255,255,255
5820,255,255,255
5821,255,255,255
5822,255,255,255
5823,255,255,255
5824,255,255,255
5825,255,255,255
5826,255,255,255
5827,255,255,255
5828,255,255,255
5829,255,255,255
5830,255,255,255
5831,255,255,255
5832,255,255,255
5833,255,255,255
5834,255,255,255
5835,255,255,255
5836,255,255,255
5837,255,255,255
5838,255,255,255
5839,255,255,255
5840,255,255,255
5841,255,255,255
5842,255,255,255
5843,255,255,255
5844,255,255,255
5845,255,255,255
5846,255,255,255
5847,255,255,255
5848,255,255,255
5849,255,255,255
5850,255,255,255
5851,255,255,255
5852,255,255,255
5853,255,255,255
5854,255,255,255
5855,255,255,255
5856,255,255,255
5857,255,255,255
5858,255,255,255
5859,255,255,255
5860,255,255,255
5861,255,255,255
5862,255,255,255
5863,255,255,255
5864,255,255,255
5865,255,255,255
5866,255,255,255
5867,255,255,255
5868,255,255,255
5869,255,255,255
5870,255,255,255
5871,255,255,255
5872,255,255,255
5873,255,255,255
5874,255,255,255
5875,255,255,255
5876,255,255,255
5877,255,255,255
5878,255,255,255
5879,255,255,255
5880,255,255,255
5881,255,255,255
5882,255,255,255
5883,255,255,255
5884,255,255,255
5885,255,255,255
5886,255,255,255
5887,255,255,255
5888,255,255,255
5889,255,255,255
5890,255,255,255
5891,255,255,255
5892,255,255,255
5893,255,255,255
5894,255,255,255
5895,255,255,255
5896,255,255,255
5897,255,255,255
5898,255,255,255
5899,255,255,255
5900,255,255,255
5901,255,255,255
5902,255,255,255
5903,255,255,255
5904,255,255,255
5905,255,255,255
5906,255,255,255
5907,255,255,255
5908,255,255,255
5909,255,255,255
5910,255,255,255
5911,255,255,255
5912,255,255,255
5913,255,255,255
5914,255,255,255
5915,255,255,255
5916,255,255,255
5917,255,255,255
5918,255,255,255
5919,255,255,255
5920,255,255,255
5921,255,255,255
5922,255,255,255
5923,255,255,255
5924,255,255,255
5925,255,255,255
5926,255,255,255
5927,255,255,255
5928,255,255,255
5929,255,255,255
5930,255,255,255
5931,255,255,255
5932,255,255,255
5933,255,255,255
5934,255,255,255
5935,255,255,255
5936,255,255,255
5937,255,255,255
5938,255,255,255
5939,255,255,255
5940,255,255,255
5941,255,255,255
5942,255,255,255
5943,255,255,255
5944,255,255,255
5945,255,255,255
5946,255,255,255
5947,255,255,255
5948,255,255,255
5949,255,255,255
5950,255,255,255
5951,255,255,255
5952,255,255,255
5953,255,255,255
5954,255,255,255
5955,255,255,255
5956,255,255,255
5957,255,255,255
5958,255,255,255
5959,255,255,255
5960,255,255,255
5961,255,255,255
5962,255,255,255
5963,255,255,255
5964,255,255,255
5965,255,255,255
5966,255,255,255
5967,255,255,255
5968,255,255,255
5969,255,255,255
5970,255,255,255
5971,255,255,255
5972,255,255,255
5973,255,255,255
5974,255,255,255
5975,255,255,255
5976,255,255,255
5977,255,255,255
5978,255,255,255
5979,255,255,255
5980,255,255,255
5981,255,255,255
5982,255,255,255
5983,255,255,255
5984,255,255,255
5985,255,255,255
5986,255,255,255
5987,255,255,255
5988,255,255,255
5989,255,255,255
5990,255,255,255
5991,255,255,255
5992,255,255,255
5993,255,255,255
5994,255,255,255
5995,255,255,255
5996,255,255,255
